0 0.0263671875 0.7313824508076359 0.054375 0.314205
0 0.0595703125 0.5027385917767988 0.119375 0.285042
0 0.1728515625 0.8989487283406754 0.284375 0.1984950000000001
0 0.11875 0.26177117474302497 0.15625 0.44872999999999996
0 0.170546875 0.31585160499265785 0.15375 0.47130800000000006
0 0.181015625 0.5664354375917767 0.08312499999999998 0.12699899999999997
0 0.2017578125 0.27737658296622614 0.041874999999999996 0.163688
0 0.25109375 0.3761073039647577 0.11812499999999998 0.25682000000000005
0 0.222890625 0.14342487077826727 0.05249999999999999 0.19285099999999997
0 0.2386328125 0.5345628751835536 0.073125 0.25305800000000006
0 0.2942578125 0.17589102055800293 0.07250000000000001 0.289746
0 0.3632421875 0.3777784684287812 0.14750000000000002 0.558796
0 0.3637109375 0.0870512892804699 0.04625000000000001 0.05268200000000001
0 0.3948046875 0.2335047356828194 0.07 0.301035
0 0.484375 0.7157354434654919 0.12687499999999996 0.208843
0 0.4569921875 0.4081154434654919 0.05375000000000002 0.20884300000000003
0 0.4747265625 0.11442258737151247 0.06625000000000003 0.224836
0 0.4784765625 0.1700404449339207 0.065 0.22953900000000005
0 0.4962890625 0.3179434405286344 0.080625 0.16933200000000004
0 0.549921875 0.48045930543318643 0.09124999999999994 0.27657600000000004
0 0.5278515625 0.26803858149779736 0.03500000000000003 0.14205099999999998
0 0.569453125 0.17664816446402348 0.06687500000000002 0.30291599999999996
0 0.5690625 0.31970958296622615 0.046875 0.16274699999999998
0 0.6198046875 0.6384333069016153 0.10125000000000006 0.298213
0 0.6188671875 0.3613081585903084 0.05312499999999998 0.22201300000000002
0 0.6557421875 0.2875417268722467 0.11624999999999996 0.177798
0 0.786875 0.41167286784140966 0.09375 0.15239900000000003
0 0.8086328125 0.6887965961820852 0.135 0.3471309999999999
0 0.8161328125 0.41866901908957416 0.10375000000000001 0.2681089999999999
0 0.9173046875 0.25041459618208517 0.16312499999999996 0.34901199999999993
0 0.92484375 0.5730119177679882 0.14875000000000005 0.8504230000000002
0 0.945859375 0.030837004405286344 0.04375000000000007 0.062088000000000004
