0 0.53546875 0.5097920291970803 0.05624999999999991 0.24134699999999992
0 0.08578125 0.5791997591240876 0.071875 0.22637999999999997
0 0.3230078125 0.5153623430656935 0.041874999999999996 0.2151549999999999
0 0.3867578125 0.5107563649635036 0.04249999999999998 0.19551000000000002
0 0.3986328125 0.5280481970802919 0.041874999999999996 0.218896
0 0.4452734375 0.5260351532846715 0.06187500000000001 0.2572500000000001
0 0.481328125 0.513860802919708 0.03562500000000002 0.18615499999999996
0 0.57203125 0.5134496569343066 0.04062500000000002 0.18802599999999994
0 0.6420703125 0.5152069489051095 0.057499999999999996 0.18334899999999993
0 0.6743359375 0.5020399270072993 0.04500000000000004 0.202993
0 0.7385546875 0.48976521897810216 0.03875000000000006 0.197381
0 0.7790625 0.48576846715328464 0.04749999999999999 0.23199199999999998
0 0.80875 0.478312802919708 0.03187499999999999 0.18522
0 0.8430078125 0.49866638686131387 0.04125000000000001 0.1730589999999999
0 0.8766796875 0.49237413868613134 0.03749999999999998 0.139382
0 0.9091796875 0.47797267883211675 0.038124999999999964 0.16651100000000005
