0 0.1041015625 0.9299423584905661 0.034375 0.12801999999999997
0 0.138515625 0.8976302075471698 0.05124999999999999 0.19806800000000002
0 0.1439453125 0.687931641509434 0.02562499999999998 0.28260900000000005
0 0.181640625 0.7039467735849056 0.020625000000000004 0.11835700000000005
0 0.2160546875 0.815204037735849 0.03874999999999998 0.18357500000000004
0 0.319921875 0.8518911132075472 0.02749999999999997 0.14975899999999992
0 0.33234375 0.964971679245283 0.02437499999999998 0.06280199999999997
0 0.462265625 0.6574514339622641 0.020625000000000004 0.08454100000000003
0 0.60546875 0.6547352641509434 0.024375000000000036 0.07487899999999993
0 0.6765234375 0.8254673773584905 0.02937500000000004 0.21255999999999994
0 0.685 0.9417191886792453 0.03187499999999999 0.108696
0 0.7600390625 0.8321120377358491 0.018125000000000058 0.18840599999999993
0 0.7730859375 0.7833566037735848 0.014375000000000027 0.09903300000000007
0 0.7825 0.8778511320754717 0.03187499999999999 0.23671500000000004
0 0.8089453125 0.8789075471698113 0.026874999999999982 0.23188499999999998
0 0.8266796875 0.9278275283018868 0.038124999999999964 0.13768200000000005
0 0.8265625 0.7264420188679245 0.015625 0.09420300000000012
0 0.836953125 0.7990522830188679 0.03562500000000002 0.15941999999999998
0 0.866484375 0.904576037735849 0.04375000000000007 0.18357500000000004
0 0.9858203125 0.9288849433962264 0.026249999999999996 0.13285100000000008
