0 0.087578125 0.4931708286969253 0.09875 0.15759900000000004
0 0.0653515625 0.5083641844802342 0.03375 0.14258900000000008
0 0.1058984375 0.5228221171303075 0.030625 0.1866789999999999
0 0.20234375 0.5862105358711567 0.15000000000000002 0.6941839999999999
0 0.5898046875 0.18417211713030748 0.81875 0.18574199999999996
0 0.3087109375 0.4829219267935578 0.2025 0.13602299999999998
0 0.3827734375 0.5499819575402636 0.02937500000000004 0.159475
0 0.4028125 0.5581705036603222 0.04874999999999996 0.19605999999999998
0 0.426796875 0.569656019033675 0.05874999999999997 0.20637899999999992
0 0.442265625 0.5807987613469986 0.083125 0.19981299999999994
0 0.7153515625 0.483307859443631 0.56625 0.17917500000000003
0 0.491171875 0.5355691844802343 0.058750000000000024 0.14071300000000003
0 0.52234375 0.5903813382137628 0.08750000000000002 0.25985
0 0.60375 0.6244250131771596 0.125625 0.29831100000000005
0 0.6593359375 0.5088461537335286 0.04500000000000004 0.11726100000000002
0 0.73828125 0.6690583631039532 0.16562500000000002 0.37242100000000006
0 0.833125 0.6443265900439239 0.15749999999999997 0.35553500000000005
0 0.9390234375 0.6083637554904832 0.09250000000000003 0.292683
0 0.9762109375 0.5872697247437774 0.04562500000000003 0.26923100000000005
