0 0.5544140625 0.9193162825768667 0.05062499999999992 0.12288900000000014
0 0.4125 0.7635942825768668 0.033125000000000016 0.12101300000000001
0 0.4473046875 0.7640061537335285 0.03749999999999998 0.11913700000000006
0 0.6120703125 0.7832942825768668 0.026874999999999982 0.12101300000000001
0 0.7889453125 0.84493560761347 0.05687500000000001 0.082552
0 0.8836328125 0.8712812093704245 0.22999999999999998 0.25515999999999994
0 0.84359375 0.9118996017569547 0.05625000000000002 0.17354599999999987
0 0.908515625 0.8811441786237189 0.083125 0.23358399999999999
0 0.91921875 0.9417160248901904 0.08687500000000004 0.11444699999999992
0 0.972265625 0.8694052093704246 0.05249999999999999 0.257036
