0 0.04067675 0.6152654551971326 0.05533400000000001 0.23349599999999993
0 0.073973625 0.7612145197132616 0.114667 0.300734
0 0.0943203125 0.5782829318996415 0.057999999999999996 0.15770199999999995
0 0.2230625 0.6080969964157706 0.07866699999999999 0.22127100000000002
0 0.28656543749999996 0.5985795878136201 0.092666 0.14669900000000002
0 0.3765654375 0.6061812724014337 0.09266600000000003 0.38386400000000004
0 0.5277939375 0.7645627168458781 0.04599999999999993 0.275061
0 0.5901328125 0.7376544372759857 0.07333299999999998 0.32885099999999995
0 0.6317001875 0.7365152078853047 0.05399999999999994 0.321516
0 0.700348625 0.7145102078853046 0.08333400000000002 0.3202940000000001
0 0.7797109375 0.7765251254480287 0.10799999999999998 0.3508550000000001
0 0.87763575 0.7608119462365591 0.08599999999999997 0.2823959999999999
0 0.9417470625 0.7410986845878137 0.050000000000000044 0.24083099999999996
