0 0.03671875 0.45335094117647057 0.05625 0.16572499999999998
0 0.10359375 0.4198875294117647 0.05625000000000001 0.06779699999999994
0 0.09953125 0.4950374705882353 0.03937499999999999 0.08474500000000008
0 0.14207031250000002 0.48191570588235294 0.119375 0.32485800000000004
0 0.271953125 0.46454005882352944 0.19312500000000002 0.636534
0 0.2545703125 0.4888145294117647 0.08937499999999998 0.27024400000000004
0 0.35203125 0.4966321764705882 0.07187499999999997 0.30696799999999996
0 0.406328125 0.5179628235294118 0.03562500000000002 0.19491499999999998
0 0.443359375 0.4950675882352941 0.04375000000000001 0.20339000000000002
0 0.4822265625 0.5168940588235293 0.06562499999999999 0.23822900000000008
0 0.5354296875 0.5154340588235294 0.038125000000000075 0.187382
0 0.593046875 0.523917 0.15250000000000008 0.402072
0 0.6697265625 0.5317045294117647 0.06500000000000006 0.31826799999999994
0 0.781953125 0.5230061176470588 0.22312500000000002 0.522599
0 0.876171875 0.5407498235294118 0.15312499999999996 0.39547999999999994
0 0.835703125 0.5318322941176471 0.06812499999999999 0.277778
0 0.966875 0.5393758823529412 0.06312499999999999 0.22975599999999993
0 0.989140625 0.5517863529411765 0.020000000000000018 0.262712
