0 0.16945312499999998 0.7710570588235294 0.09874999999999999 0.2869239999999999
0 0.1746875 0.05588235294117647 0.048750000000000016 0.11382899999999999
0 0.1992578125 0.3366535882352941 0.073125 0.20414000000000002
0 0.2612109375 0.051470588235294115 0.046249999999999986 0.105362
0 0.3271875 0.16914970588235295 0.04749999999999999 0.22577599999999998
0 0.414140625 0.7487392352941177 0.114375 0.3913460000000001
0 0.4241796875 0.5152091176470588 0.10125 0.17309500000000005
0 0.488828125 0.5553161764705883 0.09874999999999995 0.45719699999999996
0 0.46078125 0.057352941176470586 0.03937500000000005 0.11759199999999999
0 0.9196484375 0.7556060588235295 0.06187500000000001 0.337723
