0 0.06567187499999999 0.27658883455344074 0.029000000000000005 0.064468
0 0.09534375 0.327692859443631 0.05499999999999999 0.17991000000000007
0 0.1127421875 0.26909283455344074 0.022000000000000006 0.06596699999999997
0 0.1676875 0.3869953074670572 0.111 0.2368819999999999
0 0.1306015625 0.27801809224011714 0.03499999999999999 0.07196399999999999
0 0.1417890625 0.2735898345534407 0.01899999999999999 0.06596699999999997
0 0.2584453125 0.494825234260615 0.213 0.370315
0 0.20996875 0.321180251830161 0.087 0.09745100000000004
0 0.1934609375 0.27487860761347 0.045999999999999985 0.08395799999999999
0 0.2423203125 0.2898008653001464 0.05700000000000002 0.08845599999999995
0 0.261671875 0.2632711903367496 0.028000000000000025 0.05247399999999996
0 0.2855546875 0.22882306149341142 0.03799999999999998 0.04797600000000003
0 0.394140625 0.5977705783308931 0.239 0.5382310000000001
0 0.3162734375 0.29569225183016107 0.061 0.09745200000000001
0 0.3851796875 0.3181115095168375 0.07 0.10344800000000003
0 0.3778828125 0.24552628843338214 0.01100000000000001 0.031484000000000026
0 0.390578125 0.27801809224011714 0.035999999999999976 0.07196399999999999
0 0.391765625 0.2315759633967789 0.02100000000000002 0.06896600000000001
0 0.4436015625 0.27955196339677896 0.03400000000000003 0.06896599999999997
0 0.456296875 0.3474638286969254 0.059 0.15592199999999998
0 0.4835546875 0.29583273645680824 0.03899999999999998 0.08695699999999998
0 0.5363671875 0.32975379795021964 0.052999999999999936 0.133433
0 0.5406484375 0.3032938653001464 0.031000000000000028 0.08845600000000003
0 0.5709453125 0.40226927672035134 0.08899999999999997 0.21289300000000003
0 0.6788125 0.6569684128843338 0.266 0.601199
0 0.561765625 0.2782631903367497 0.019999999999999907 0.05097499999999999
0 0.5717421875 0.276869803806735 0.02299999999999991 0.041979000000000016
0 0.60371875 0.2856894480234261 0.02400000000000002 0.05697199999999997
0 0.631203125 0.35395302489019037 0.06800000000000006 0.11694100000000003
0 0.6332734375 0.3150776383601757 0.061000000000000054 0.10794599999999999
0 0.7002890625 0.43730275549048314 0.14400000000000002 0.292354
0 0.7279921875 0.4051267920937042 0.08399999999999996 0.22488799999999998
0 0.733578125 0.31193815373352857 0.03600000000000003 0.11993999999999998
0 0.7457890625 0.30486360761347 0.019000000000000017 0.08245899999999998
0 0.763625 0.26912770571010247 0.03300000000000003 0.06296799999999997
0 0.759765625 0.26030806149341146 0.02100000000000002 0.04947499999999996
0 0.7685546875 0.3491740556368961 0.039000000000000035 0.13793100000000005
0 0.7939921875 0.40436508638360175 0.08499999999999996 0.16191899999999995
0 0.830625 0.31396422108345534 0.03300000000000003 0.07346399999999997
0 0.8796015625 0.3419938960468521 0.03500000000000003 0.113943
0 0.9070859375 0.36092195754026357 0.07699999999999996 0.16041999999999995
0 0.8828125 0.3259582210834553 0.016000000000000014 0.07496299999999999
0 0.937546875 0.5624073074670571 0.122 0.235383
0 0.93725 0.29666518448023427 0.06299999999999994 0.14242899999999997
0 0.962484375 0.3527339941434846 0.04300000000000004 0.091455
0 0.9704140625 0.3611680556368961 0.049000000000000044 0.13943000000000003
