0 0.176328125 0.9522399166666666 0.036250000000000004 0.09166600000000003
0 0.1690625 0.4915621666666667 0.017499999999999988 0.036667000000000005
0 0.2276171875 0.8192708333333334 0.05374999999999999 0.08999999999999986
0 0.2190625 0.48583333333333334 0.017500000000000016 0.041666999999999975
0 0.236015625 0.4893746666666667 0.01999999999999999 0.05333399999999999
0 0.25601562499999997 0.49067675 0.01999999999999999 0.055000000000000014
0 0.3328515625 0.70296875 0.03500000000000003 0.088333
0 0.5499609375000001 0.567292 0.16999999999999998 0.781666
0 0.72671875 0.46005175000000004 0.02375000000000005 0.024999999999999984
0 0.75921875 0.45671875 0.02499999999999991 0.024999999999999984
0 0.811015625 0.5585940833333334 0.02124999999999999 0.034999999999999996
