0 0.5054296875 0.8114586666666668 0.06875000000000003 0.2416659999999998
0 0.146875 0.8180204999999999 0.09375 0.11000000000000003
0 0.12828125 0.7142708333333334 0.039999999999999994 0.09000000000000001
0 0.14671875 0.7148440833333334 0.023749999999999993 0.09666599999999992
0 0.1771484375 0.7223954999999999 0.03 0.08000000000000007
0 0.3151953125 0.8117187500000002 0.21375 0.27499999999999974
0 0.2437109375 0.8230729166666667 0.044999999999999984 0.21666700000000003
0 0.322109375 0.8151565833333333 0.07500000000000001 0.23833300000000004
0 0.3828125 0.8051565833333334 0.08000000000000002 0.23833300000000004
0 0.573671875 0.7251041666666667 0.02749999999999997 0.13166700000000006
0 0.595390625 0.7423961666666666 0.0525000000000001 0.16333299999999987
0 0.6248046875 0.7760413333333332 0.03750000000000009 0.1366670000000001
0 0.657890625 0.7613024166666666 0.05125000000000002 0.17166599999999996
0 0.661171875 0.7695836666666667 0.02750000000000008 0.14666600000000005
0 0.7331640625 0.82223925 0.050000000000000044 0.25833400000000006
0 0.770390625 0.80213575 0.05125000000000002 0.211666
0 0.8176953125 0.8357815833333334 0.08875 0.26999999999999985
