0 0.28218750000000004 0.5988541666666667 0.07999999999999999 0.31833300000000003
0 0.4990234375 0.2623955 0.999375 0.45333399999999996
0 0.445625 0.5832815833333332 0.06437500000000002 0.2708330000000001
0 0.5061328125 0.6513541666666667 0.135625 0.318333
0 0.49734375 0.58203125 0.08625000000000005 0.28916699999999995
0 0.5415234375 0.5766663333333334 0.06187500000000001 0.2941669999999999
0 0.6208203125 0.5894270833333334 0.05812499999999998 0.284167
0 0.620390625 0.4895836666666667 0.051875000000000004 0.14666599999999988
0 0.6841015625 0.5685940833333333 0.06562500000000004 0.2841660000000001
0 0.9371484375 0.5546875 0.12375000000000003 0.23583299999999996
0 0.9726171875 0.5144791666666667 0.05312499999999998 0.22583300000000003
