0 0.0439453125 0.10313182352941176 0.08875 0.14501
0 0.0546875 0.5710671764705882 0.109375 0.8559319999999999
0 0.4990234375 0.4985294117647059 0.999375 0.9990579999999999
0 0.1390625 0.6276502352941177 0.20375 0.7419959999999999
0 0.124375 0.1774976470588235 0.094375 0.239172
0 0.148828125 0.3209314705882353 0.09875 0.18361600000000003
0 0.264765625 0.5995068235294118 0.30125 0.7966099999999999
0 0.285703125 0.169586 0.06812499999999999 0.10263600000000002
0 0.325625 0.075 0.125625 0.150659
0 0.3348828125 0.8187717647058824 0.073125 0.35969799999999985
0 0.3597265625 0.32014835294117644 0.09687499999999999 0.26271100000000003
0 0.3584375 0.1815830588235294 0.07937499999999997 0.13559300000000002
0 0.380625 0.42686976470588234 0.09562500000000002 0.160075
0 0.382421875 0.4312282352941177 0.09062499999999996 0.14312600000000006
0 0.5063671875 0.6035700588235294 0.27312500000000006 0.7881349999999999
0 0.452578125 0.14132641176470587 0.09874999999999995 0.148776
0 0.45046875 0.19689299999999998 0.08625000000000005 0.10263600000000002
0 0.5234375 0.16734288235294117 0.04749999999999999 0.130885
0 0.5592578125 0.4517198235294118 0.10375000000000001 0.34557400000000005
0 0.5510546875 0.22854788235294116 0.07000000000000006 0.12994300000000006
0 0.5819921875 0.14173882352941178 0.08562499999999995 0.145009
0 0.692734375 0.6326544705882353 0.29374999999999996 0.7325799999999999
0 0.60859375 0.40688194117647053 0.08687499999999992 0.31638399999999994
0 0.622890625 0.2121390588235294 0.083125 0.08568699999999999
0 0.764140625 0.5714795882352942 0.239375 0.8540489999999998
0 0.7165234375 0.13775105882352942 0.09187499999999993 0.086629
0 0.801875 0.2002767058823529 0.09375 0.22410600000000003
0 0.868203125 0.6112831176470588 0.161875 0.773069
0 0.820390625 0.3566495882352941 0.05124999999999991 0.20433099999999998
0 0.8523046875 0.06764705882352941 0.09999999999999998 0.137476
0 0.903203125 0.5773096470588235 0.19187500000000002 0.8408659999999999
0 0.8742578125 0.16251770588235295 0.073125 0.125236
0 0.9384765625 0.14969582352941177 0.06625000000000003 0.09604499999999999
0 0.9762109375 0.271893 0.04562500000000003 0.25047
0 0.98609375 0.3433725882352941 0.025000000000000022 0.105461
0 0.9912109375 0.13246117647058822 0.015000000000000013 0.057439000000000004
