0 0.4990234375 0.5781246666666666 0.998438 0.804167
0 0.2173833125 0.7005208333333334 0.026562000000000002 0.0895829999999999
0 0.2849604375 0.7138024166666668 0.029687999999999992 0.10833300000000008
0 0.305859875 0.6981770833333334 0.028123999999999982 0.09791699999999996
0 0.332421375 0.5708336666666667 0.012500999999999984 0.08541599999999994
0 0.352734875 0.6908854166666666 0.02812500000000001 0.10833299999999994
0 0.3646479375 0.4807288333333333 0.014062999999999992 0.05833400000000003
0 0.36953125 0.5638020833333334 0.009375000000000022 0.06666700000000003
0 0.396483875 0.7317708333333334 0.02812500000000001 0.0895829999999999
0 0.4181640625 0.6257809166666667 0.01874999999999999 0.06041700000000002
0 0.43671875 0.7226559166666666 0.023438000000000014 0.09166700000000017
0 0.4937505 0.5901038333333334 0.017187000000000063 0.08958400000000004
0 0.644922375 0.53359375 0.012499999999999956 0.05625000000000006
0 0.6734375 0.634375 0.015625 0.09375
0 0.694140125 0.5453128333333334 0.0046880000000000255 0.05833299999999997
