0 0.083984375 0.6770833333333334 0.074375 0.23166699999999998
0 0.0408203125 0.7023955000000001 0.05687500000000001 0.203334
0 0.2844140625 0.6568746666666666 0.17562499999999998 0.17916700000000008
0 0.4146484375 0.6196871666666667 0.02999999999999997 0.06833399999999996
0 0.4262109375 0.6988541666666667 0.04562500000000003 0.06999999999999999
0 0.4592578125 0.7036458333333334 0.04125000000000001 0.05833299999999989
0 0.4839453125 0.6033336666666668 0.02562500000000001 0.0841659999999999
0 0.7087890625 0.58875 0.01937500000000003 0.0625
0 0.803671875 0.5898955 0.02749999999999997 0.07916699999999999
0 0.8531640625 0.63140625 0.04937500000000006 0.134167
0 0.923984375 0.6248961666666667 0.04375000000000007 0.16333300000000003
0 0.984921875 0.6230208333333334 0.028125000000000067 0.15333299999999994
