0 0.06640625 0.2915625 0.134167 0.11125000000000002
0 0.026198250000000003 0.278671875 0.040833 0.09062500000000001
0 0.07609408333333333 0.2789453125 0.034166 0.08937500000000004
0 0.11020866666666668 0.2884375 0.05416599999999999 0.11062499999999997
0 0.1541145833333333 0.2691015625 0.02083300000000003 0.065
0 0.1734375 0.283828125 0.04750000000000002 0.09937499999999999
0 0.220625 0.2796875 0.031667 0.07999999999999999
0 0.26421875 0.2594140625 0.024999999999999984 0.04999999999999999
0 0.3259375 0.2728125 0.048333000000000036 0.078125
0 0.36286425000000005 0.2720703125 0.03916699999999995 0.08937500000000001
0 0.46223924999999993 0.27847656249999997 0.13416700000000006 0.12812500000000002
0 0.4544274166666667 0.2818359375 0.07749999999999997 0.108125
0 0.6303649166666666 0.326640625 0.12499999999999993 0.20875000000000002
0 0.7830205 0.5122265625 0.36000000000000004 0.31562500000000004
0 0.7094788333333334 0.3762890625 0.059166999999999824 0.11249999999999999
0 0.76713575 0.3323828125 0.088333 0.198125
0 0.8371354166666666 0.3103515625 0.04583300000000001 0.09749999999999998
0 0.9052086666666668 0.3043359375 0.052499999999999915 0.10750000000000004
0 0.9001559166666667 0.2425 0.029167000000000016 0.03250000000000003
0 0.9268229166666666 0.257265625 0.0300000000000001 0.05125000000000002
0 0.9775003333333334 0.272109375 0.04249999999999998 0.075625
