0 0.109375 0.6241159633967789 0.03312499999999999 0.06935299999999996
0 0.1334375 0.8513170190336751 0.04875 0.20524899999999993
0 0.1501953125 0.5599750922401171 0.02562499999999998 0.07310199999999994
0 0.179296875 0.539766963396779 0.02812500000000001 0.06841599999999995
0 0.3894921875 0.8148832767203514 0.08437500000000003 0.21087099999999986
0 0.41578125 0.6257525095168375 0.07187500000000002 0.10402999999999997
0 0.4320703125 0.4735146383601757 0.02562500000000001 0.10777899999999996
0 0.484296875 0.6381128653001463 0.05937500000000001 0.08809799999999998
0 0.490703125 0.8411292152269401 0.06687500000000002 0.16588499999999995
0 0.5571484375 0.46794779795021957 0.06125000000000003 0.13402
0 0.546953125 0.574443963396779 0.036250000000000004 0.06841599999999995
0 0.563671875 0.7776406076134701 0.059374999999999956 0.08434799999999994
0 0.602109375 0.572974896046852 0.04375000000000007 0.11152800000000011
0 0.6284765625 0.8271313133235725 0.09750000000000003 0.1462039999999999
0 0.6395703125 0.6952828653001464 0.05687500000000001 0.08903499999999999
0 0.7078515625 0.6187215402635432 0.06624999999999992 0.1265229999999999
0 0.7008203125 0.4735146383601757 0.02562500000000001 0.10777899999999996
0 0.7171875 0.7726048345534408 0.04812499999999997 0.06466700000000004
0 0.7894921875 0.6456108653001464 0.08437499999999998 0.08809699999999993
0 0.7866796875 0.7646358653001465 0.06937500000000008 0.0890349999999999
0 0.835546875 0.48780615373352854 0.028124999999999956 0.11902500000000003
0 0.8727734375 0.8155956383601757 0.09187499999999993 0.10777800000000007
0 0.875625 0.4923758960468521 0.03312499999999996 0.11152700000000006
0 0.8991796875 0.6433259941434846 0.06937499999999996 0.091846
0 0.955625 0.7178921229868228 0.06375000000000008 0.0955949999999999
0 0.977578125 0.4806579267935578 0.03562500000000002 0.13495800000000008
