0 0.4580078125 0.7082308477306003 0.07250000000000001 0.36303900000000006
0 0.1875 0.5989473133235725 0.37625 0.1463409999999999
0 0.5296484375 0.7242479458272328 0.09250000000000003 0.342402
0 0.5539453125 0.582411803806735 0.02562500000000001 0.042213999999999974
0 0.6847265625 0.6181730614934114 0.03375000000000006 0.047841999999999996
0 0.71625 0.5874617979502197 0.03187499999999999 0.13226999999999994
0 0.737265625 0.6078540614934114 0.020625000000000004 0.04878000000000006
0 0.7608203125 0.612246448023426 0.02562500000000001 0.056285
0 0.90359375 0.60985382284041 0.05625000000000002 0.24765500000000001
0 0.9596875 0.5711720248901903 0.04874999999999996 0.11538500000000007
