0 0.0849609375 0.51414811143695 0.170625 0.38685400000000003
0 0.1103515625 0.15835777126099707 0.15875 0.31831
0 0.316171875 0.5308315982404692 0.15250000000000002 0.325822
0 0.30734375 0.19838611730205277 0.11812500000000001 0.30047
0 0.46625 0.24798508504398828 0.12687500000000002 0.26948399999999995
0 0.49609375 0.5642500527859238 0.11750000000000005 0.2366199999999999
0 0.6479296875 0.55133615542522 0.19374999999999998 0.24788700000000002
0 0.76015625 0.24833173900293254 0.13437500000000002 0.285446
0 0.878359375 0.5163125718475073 0.10624999999999996 0.2103279999999999
0 0.9428125 0.20736439296187684 0.11124999999999996 0.304225
