0 0.1219140625 0.7194973513909223 0.175625 0.556285
0 0.1995703125 0.6761792166910688 0.12062499999999998 0.643527
0 0.2867578125 0.5822464553440703 0.10375000000000001 0.4427769999999999
0 0.5075390625 0.5856394612005856 0.3943749999999999 0.3517820000000001
0 0.3418359375 0.4986154729136164 0.04624999999999996 0.17260800000000004
0 0.4008984375 0.5399787920937043 0.06062500000000004 0.22326500000000002
0 0.4625 0.6149220380673499 0.09375 0.410882
0 0.499375 0.46471299414348466 0.03187499999999999 0.09193199999999992
0 0.5181640625 0.5462481786237189 0.04999999999999993 0.23264499999999996
0 0.57390625 0.5546200805270864 0.07062500000000005 0.25234599999999996
0 0.6034375 0.5565402401171303 0.048125000000000084 0.280488
0 0.641171875 0.5956598477306002 0.09125000000000005 0.3630399999999999
0 0.7788671875 0.6414779341142021 0.14750000000000008 0.523452
0 0.8678125 0.6207526149341143 0.10999999999999999 0.470919
0 0.87921875 0.6311935900439238 0.11812499999999992 0.355534
0 0.9008203125 0.5334646691068814 0.057499999999999996 0.12945600000000002
