0 0.226328125 0.9202981764705883 0.0675 0.10724300000000005
0 0.0068359375 0.45405070588235297 0.014375 0.125118
0 0.1087109375 0.4283045882352941 0.04625000000000001 0.15428099999999995
0 0.4583203125 0.45958811764705876 0.46375000000000005 0.42238999999999993
0 0.5217578125 0.212347 0.04125000000000001 0.15239899999999998
0 0.61515625 0.9559694705882353 0.008125000000000049 0.03480700000000003
0 0.62078125 0.9308078235294118 0.008750000000000036 0.04421399999999999
0 0.8798828125 0.06938705882352941 0.011249999999999982 0.03668899999999999
0 0.9087109375 0.03676470588235294 0.04500000000000004 0.074318
0 0.989140625 0.16201229411764706 0.020000000000000018 0.126999
