0 0.0107421875 0.48820043631039534 0.021875 0.23921199999999992
0 0.03515625 0.5449155285505124 0.070625 0.30956800000000007
0 0.113125 0.5262937247437774 0.06312499999999999 0.269231
0 0.15285156249999998 0.5181934978038067 0.06625000000000002 0.28611600000000004
0 0.20546875 0.5143703997071742 0.056249999999999994 0.3058159999999999
0 0.22484375 0.5313264978038067 0.05499999999999999 0.28424
0 0.2716015625 0.5376390439238653 0.06562499999999999 0.32082499999999997
0 0.3526953125 0.5305017554904832 0.08875 0.2917449999999999
0 0.373828125 0.5218753997071742 0.03562499999999996 0.305816
0 0.4166015625 0.5344822708638359 0.09749999999999998 0.30206400000000005
0 0.4448828125 0.5338428843338213 0.041874999999999996 0.29455899999999996
0 0.492265625 0.5401112708638359 0.08312500000000006 0.30206400000000005
0 0.5052734375 0.538235270863836 0.030625000000000013 0.302063
0 0.5709375 0.5465640131771596 0.078125 0.29831100000000005
0 0.5835546875 0.5503160131771596 0.03750000000000009 0.29831100000000005
0 0.618671875 0.5509563997071742 0.06000000000000005 0.305816
0 0.648359375 0.5528323997071742 0.10625000000000007 0.30581600000000003
0 0.6921875 0.5547083997071742 0.0475000000000001 0.305816
0 0.770625 0.5526480439238654 0.09499999999999997 0.32082599999999994
0 0.8252734375 0.5520518169838945 0.12312499999999993 0.3367730000000001
0 0.8718359375 0.6078194055636896 0.04625000000000001 0.21482199999999993
