0 0.15714843750000002 0.5690436222547584 0.18687499999999996 0.8556699999999999
0 0.50453125 0.6854674860907759 0.22812500000000002 0.4657920000000001
0 0.465 0.46325785944363107 0.12687500000000002 0.17900600000000005
0 0.4789453125 0.6692980322108346 0.11937499999999995 0.5014049999999999
0 0.4423828125 0.41078173645680816 0.04125000000000001 0.08716100000000006
0 0.63015625 0.4693518286969253 0.07187500000000002 0.15744999999999998
0 0.65390625 0.38952034992679363 0.039999999999999925 0.07685099999999997
0 0.6753515625 0.4039281229868229 0.03375000000000006 0.09559499999999994
0 0.7458984375 0.6266530629575403 0.09187500000000004 0.52671
0 0.7801171875 0.3359663382137628 0.08499999999999996 0.259606
0 0.8480078125 0.47379643631039536 0.10375000000000001 0.23992499999999992
0 0.9226953125 0.5341794304538799 0.15187499999999998 0.3289600000000001
