0 0.12047690685772774 0.31734375000000004 0.09502000000000001 0.24249999999999997
0 0.2164276919140225 0.72609375 0.15924000000000002 0.33687500000000004
0 0.21831260900716482 0.31253906249999996 0.15399699999999997 0.26875000000000004
0 0.17041153633572162 0.29781250000000004 0.05176899999999998 0.205
0 0.2798421995905835 0.264921875 0.08584499999999998 0.27812499999999996
0 0.48685164278403276 0.7280078125 0.22935800000000006 0.35375
0 0.5118031893551689 0.27945312499999997 0.18283099999999997 0.348125
0 0.724915155578301 0.7330078125 0.10746999999999991 0.323125
0 0.7930112722620266 0.2873046875 0.18676299999999998 0.35000000000000003
0 0.861131735926305 0.7330078125 0.13564900000000005 0.323125
