0 0.0978515625 0.52921875 0.035 0.15
0 0.12742187500000002 0.5685413333333332 0.090625 0.2616669999999999
0 0.164921875 0.5424479166666667 0.05937500000000001 0.18749999999999992
0 0.243671875 0.5896350833333334 0.09062499999999998 0.25500000000000006
0 0.2757421875 0.5353128333333333 0.05437500000000001 0.18416600000000005
0 0.32046875 0.6057295 0.05562499999999998 0.205
0 0.323828125 0.49494825 0.036250000000000004 0.10166600000000003
0 0.37640625 0.607708 0.133125 0.34416699999999995
0 0.4055078125 0.51994825 0.04125000000000001 0.1016660000000001
0 0.4852734375 0.6717184166666668 0.18624999999999997 0.48333399999999993
0 0.5365234375 0.49234375 0.02937500000000004 0.055000000000000014
0 0.82 0.48499966666666666 0.03125 0.08583400000000004
0 0.8918359375 0.4602086666666667 0.04500000000000004 0.05416600000000001
