0 0.5415630625000001 0.6821363303964758 0.20700499999999994 0.6259399999999999
0 0.0501993125 0.45728873127753306 0.08943100000000001 0.24060099999999998
0 0.1270161875 0.5512158722466961 0.178236 0.21240599999999998
0 0.2812086875 0.6030870073421439 0.070044 0.10432300000000003
0 0.413594375 0.29170229368575623 0.07567299999999999 0.113722
0 0.4441181875 0.527603154185022 0.085679 0.15977500000000003
0 0.62676625 0.5199617386196769 0.10256399999999999 0.343045
0 0.7465949375 0.6596960484581498 0.2651659999999999 0.6785709999999998
0 0.7257555625 0.43725359911894274 0.15884900000000002 0.38909800000000005
0 0.873016 0.5503293127753305 0.09568500000000002 0.379699
