0 0.1638671875 0.5396484375 0.05312499999999998 0.15468799999999994
0 0.2255854375 0.541015625 0.06249999999999997 0.145312
0 0.2544926875 0.5158208125 0.007812000000000041 0.042186999999999975
0 0.2677739375 0.516797375 0.014062000000000019 0.04374900000000004
0 0.3451171875 0.5322265625 0.05468700000000004 0.09687500000000004
0 0.4212890625 0.544140625 0.08125000000000004 0.020312999999999914
0 0.4138666875 0.52578125 0.03750100000000001 0.10312500000000002
0 0.46015675 0.5181640625 0.024998999999999993 0.04999999999999993
0 0.5330073125 0.5283203125 0.026563000000000003 0.026563000000000003
0 0.5708984375 0.531640625 0.029687999999999937 0.11406300000000003
0 0.609375 0.526171375 0.03125 0.10624999999999996
0 0.6525390625 0.5205078125 0.018749999999999933 0.042188
0 0.6904301875 0.5154291875 0.02187500000000009 0.05312600000000001
0 0.705078125 0.5117182499999999 0.035937 0.07031300000000001
0 0.7591801875 0.5140625 0.02187399999999995 0.04843700000000006
0 0.813672375 0.50546925 0.012499000000000038 0.04062500000000002
0 0.8281245 0.5021484375 0.015625999999999918 0.029686999999999963
