0 0.0322265625 0.4581485666178624 0.065 0.717636
0 0.060546875 0.23133235724743778 0.1225 0.46529099999999995
0 0.2418359375 0.4090881742313323 0.17062500000000003 0.802064
0 0.29625 0.33382137628111275 0.125625 0.668856
0 0.354296875 0.22108345534407028 0.08999999999999997 0.44371499999999997
0 0.5000390625 0.14494875549048317 0.11249999999999999 0.291745
0 0.60421875 0.3440702781844802 0.18062499999999992 0.690432
0 0.609375 0.5579637818448023 0.18874999999999997 0.881801
0 0.68 0.18301610541727673 0.219375 0.366792
0 0.8296875 0.3323572474377745 0.17312499999999997 0.665103
