0 0.2502734375 0.49774054026354314 0.061000000000000026 0.1274360000000001
0 0.170203125 0.5009138960468521 0.06699999999999998 0.11394300000000004
0 0.1925078125 0.4108891537335286 0.04200000000000001 0.11993999999999994
0 0.3154140625 0.4893064787701318 0.049000000000000044 0.08095999999999992
0 0.5984140625 0.48934134992679357 0.050000000000000044 0.076462
0 0.649109375 0.4846331229868228 0.07500000000000007 0.09595200000000007
0 0.72396875 0.49666199414348466 0.08699999999999997 0.09295400000000005
0 0.7606484375 0.465599448023426 0.031000000000000028 0.058471000000000106
0 0.8721640625 0.724375130307467 0.237 0.4812589999999999
0 0.8054140625 0.4684220922401171 0.04899999999999993 0.07196400000000007
0 0.8541796875 0.5115493806734992 0.06900000000000006 0.10045000000000008
