0 0.0396064375 0.045988272311212816 0.06133399999999999 0.07500000000000001
0 0.1220498125 0.8752574370709383 0.136 0.07656200000000006
0 0.1168466875 0.19448655606407322 0.06933299999999999 0.13437500000000002
0 0.1181796875 0.4136799199084668 0.06933299999999999 0.09687500000000006
0 0.1227421875 0.6904646018306636 0.022667000000000007 0.078125
0 0.2464795 0.4892591533180778 0.015999999999999986 0.017186999999999987
0 0.249765625 0.1764261304347826 0.02133299999999999 0.04531300000000001
0 0.2595498125 0.482787471395881 0.010666000000000009 0.03437499999999999
0 0.2732216875 0.9231907894736842 0.038666000000000034 0.054688000000000035
0 0.2664795 0.1798586247139588 0.016000000000000014 0.051562999999999984
0 0.281765625 0.18027745995423342 0.02133299999999999 0.04999999999999999
0 0.2886015625 0.6749254141876431 0.033333 0.10468700000000002
0 0.3044140625 0.4411644027459954 0.05066699999999996 0.11718800000000004
0 0.2998125 0.17715245995423343 0.017333000000000043 0.04843699999999999
0 0.3158125 0.1795521304347826 0.017332999999999987 0.045312
0 0.4356640625 0.21236413043478258 0.11199999999999999 0.04375000000000001
0 0.40771875 0.4544152608695652 0.023999999999999966 0.08906300000000003
0 0.44582325 0.177066647597254 0.070666 0.024999999999999994
0 0.4346484375 0.9007610846681923 0.030667 0.09843799999999986
0 0.45001075 0.6300557780320367 0.055999999999999994 0.06718700000000004
0 0.565671875 0.19986413043478263 0.027999999999999914 0.04374999999999998
0 0.5932216875 0.8975257437070938 0.03733299999999995 0.107813
0 0.588432625 0.1966277894736842 0.019999999999999907 0.053125999999999986
0 0.6012216875 0.4459637437070938 0.03866599999999998 0.107812
0 0.6079814375 0.6646524599542334 0.02933399999999997 0.05000000000000005
0 0.6079814375 0.1902674485125858 0.030667 0.064063
0 0.6153623125 0.17090245995423342 0.02666600000000008 0.04843700000000002
0 0.6426484375 0.17305491990846683 0.029332999999999942 0.09687499999999999
0 0.72219825 0.173386942791762 0.039999999999999925 0.068751
0 0.7702373125 0.403049414187643 0.12 0.10312600000000004
0 0.7611845625 0.8814573798627002 0.09733400000000003 0.14531200000000005
0 0.7462158125 0.15373998855835241 0.010666999999999982 0.01406299999999998
0 0.760432625 0.6626470961098397 0.021333000000000046 0.0859370000000001
0 0.7831748125 0.16797361327231122 0.041333000000000064 0.065625
0 0.803098625 0.638003647597254 0.021334000000000075 0.02500099999999997
0 0.8905546875 0.6885941075514873 0.03733299999999995 0.07187500000000002
0 0.911870125 0.8964919199084669 0.066666 0.09687500000000006
0 0.9206591875 0.20271739130434785 0.08533299999999999 0.13124999999999998
0 0.937296875 0.43834789702517163 0.058667000000000025 0.12499899999999993
