0 0.0126953125 0.7178874249667996 0.025625 0.05527199999999987
0 0.030390625 0.7961184249667994 0.020625 0.054422000000000054
0 0.054609375 0.7584354887118193 0.013124999999999998 0.06292499999999998
0 0.0903125 0.7718785949535192 0.0175 0.07653000000000008
0 0.1184375 0.7277184462151395 0.017499999999999988 0.056121999999999984
0 0.1415625 0.7170942762284197 0.017499999999999988 0.036565000000000035
0 0.1430859375 0.7821404462151395 0.014999999999999986 0.056971999999999946
0 0.169140625 0.7322373824701195 0.020625000000000004 0.04932000000000003
0 0.2369140625 0.7999395949535193 0.018125000000000002 0.07483000000000001
0 0.2548828125 0.8002653824701195 0.010624999999999996 0.04931899999999999
0 0.2733203125 0.9646955099601593 0.02562500000000001 0.06547600000000008
0 0.2774609375 0.7141124462151395 0.014374999999999971 0.05697299999999999
0 0.3061328125 0.7476484249667994 0.010624999999999996 0.05527300000000006
0 0.3224609375 0.8255546374501992 0.015000000000000013 0.08163300000000001
0 0.3411328125 0.7101283824701196 0.010000000000000009 0.04846999999999991
0 0.34140625 0.6635232762284197 0.00874999999999998 0.03486299999999995
0 0.3550390625 0.9630995524568393 0.018125000000000002 0.07057899999999999
0 0.3701953125 0.907234828685259 0.02562500000000001 0.10459200000000005
0 0.4075390625 0.9070247436918991 0.01937500000000003 0.09523799999999996
0 0.4201953125 0.8763077011952191 0.02562500000000001 0.08843500000000011
0 0.4321875 0.8311925099601594 0.016874999999999973 0.06632600000000004
0 0.45890625 0.6598533399734395 0.009374999999999967 0.04251700000000003
0 0.4993359375 0.9786262974767597 0.013749999999999984 0.03911599999999998
0 0.5749609375 0.7828275524568393 0.015000000000000013 0.06972799999999998
0 0.7750390625 0.9088404462151395 0.018125000000000058 0.057824
0 0.7906640625 0.9270704249667995 0.018125000000000058 0.05527200000000002
0 0.8028125 0.9287714249667994 0.01749999999999996 0.05357100000000005
0 0.8845703125 0.9704384249667994 0.02562500000000001 0.05527200000000002
0 0.91796875 0.9827732549800796 0.024375000000000036 0.032313000000000126
0 0.941640625 0.9659184887118194 0.020625000000000004 0.06292499999999998
0 0.9725390625 0.9721384249667996 0.01937500000000003 0.05357199999999994
