0 0.448359375 0.8080326017569546 0.04375000000000001 0.17432100000000014
0 0.1319921875 0.771135767203514 0.023125000000000007 0.10965400000000002
0 0.1613671875 0.7742413806734993 0.02312499999999998 0.10215600000000004
0 0.1990234375 0.7640486383601756 0.029374999999999984 0.10777900000000012
0 0.232578125 0.7705485402635431 0.03562499999999999 0.12839800000000007
0 0.24734375 0.7715466383601756 0.024375000000000008 0.10777900000000012
0 0.272265625 0.7859544114202051 0.019999999999999962 0.12371099999999995
0 0.3441015625 0.8060423440702781 0.034999999999999976 0.16963400000000003
0 0.3917578125 0.8069192459736457 0.04249999999999998 0.1883779999999999
0 0.7403125 0.7955599267935578 0.04749999999999999 0.13495800000000008
0 0.843828125 0.7872411844802343 0.03687499999999999 0.14058199999999987
0 0.8823828125 0.8020598286969254 0.04125000000000001 0.15557599999999988
