0 0.0087890625 0.26456866423357667 0.017647 0.04785099999999998
0 0.009781375 0.34466624817518243 0.012418 0.03711000000000006
0 0.0303423125 0.5043198102189781 0.025490000000000002 0.045898000000000015
0 0.03067275 0.348080102189781 0.024183000000000003 0.03906199999999998
0 0.067281625 0.3510389781021898 0.020262000000000002 0.021484999999999976
0 0.0800231875 0.42913410218978104 0.022876000000000007 0.040039000000000005
0 0.0800231875 0.5018736642335766 0.022876000000000007 0.04785100000000002
0 0.0793770625 0.26847466423357663 0.018954 0.047851999999999985
0 0.0898429375 0.34565354014598537 0.014379000000000003 0.03125
0 0.1283891875 0.4286213722627737 0.022221999999999992 0.053710999999999995
0 0.12936575 0.3519655182481752 0.02418300000000001 0.04980500000000003
0 0.13231118749999998 0.5052865182481752 0.022874999999999993 0.04980400000000002
0 0.1329720625 0.27287481021897814 0.018953999999999985 0.045897999999999974
0 0.25584806250000003 0.5027497445255474 0.01830000000000001 0.10742199999999999
0 0.2676130625 0.5085695766423358 0.018954000000000026 0.12890600000000002
0 0.3159249375 0.5138952627737227 0.046404999999999974 0.15722699999999998
0 0.3421378125 0.5022771824817518 0.011110999999999982 0.097656
0 0.369896625 0.49837018248175186 0.019608000000000014 0.09765699999999998
0 0.4107421875 0.4949573284671533 0.021569000000000005 0.09375
0 0.4310189375 0.5047233284671533 0.01437900000000003 0.09570299999999993
0 0.50256875 0.4662338102189781 0.023529000000000022 0.045898000000000015
0 0.5182085000000001 0.5674970510948905 0.04771299999999995 0.22168
0 0.5492579375 0.5474719051094891 0.04640600000000006 0.22460999999999998
0 0.5832685625 0.5163022408759124 0.033332999999999946 0.17675800000000008
0 0.6584699375 0.48183922627737225 0.013724999999999987 0.05566400000000009
0 0.7257210625 0.45397220437956204 0.04901999999999995 0.07617199999999999
0 0.7577628125 0.43184467883211686 0.04117599999999999 0.16894499999999996
0 0.8505964375 0.46376708029197083 0.029410999999999965 0.05957099999999998
0 0.9694963125 0.3655983503649635 0.058169999999999944 0.07324199999999996
