0 0.5126171875 0.6526466149341141 0.8981250000000001 0.4709200000000001
0 0.121015625 0.6873825534407028 0.08312499999999999 0.4230770000000001
0 0.14703125 0.6641139092240117 0.071875 0.4099439999999999
0 0.2378515625 0.6947031976573939 0.09749999999999998 0.438086
0 0.242421875 0.6526034553440703 0.08999999999999997 0.4427759999999999
0 0.3081640625 0.675669522693997 0.08187499999999998 0.399625
0 0.32875 0.4918468960468521 0.06437500000000002 0.11257099999999998
0 0.3715625 0.687724326500732 0.11124999999999996 0.440901
0 0.4375390625 0.4825801537335285 0.08187499999999998 0.11913699999999998
0 0.454140625 0.29791813616398244 0.11374999999999996 0.390244
0 0.4512109375 0.6720307803806735 0.07687499999999997 0.40619199999999994
0 0.5328125 0.6673148418740849 0.07937499999999997 0.45121900000000004
0 0.638671875 0.672898682284041 0.09062499999999996 0.42682999999999993
0 0.7491015625 0.7068098784773061 0.09749999999999992 0.38461599999999996
0 0.7482421875 0.5072428286969254 0.08562499999999995 0.15572200000000003
0 0.8196875 0.6689623265007321 0.078125 0.4399630000000001
0 0.92109375 0.6904951669106881 0.08687499999999992 0.41557200000000005
