0 0.1357421875 0.6691171764705882 0.271875 0.6564709999999999
0 0.123047375 0.3811763529411765 0.2 0.6141179999999999
0 0.221875 0.14705917647058822 0.09375 0.10823500000000003
0 0.44296925 0.33764741176470586 0.13437500000000002 0.6494110000000001
0 0.63203125 0.6002942352941176 0.41562499999999997 0.792941
0 0.53671825 0.1555880588235294 0.04062600000000005 0.087059
0 0.61171875 0.16794152941176468 0.05468800000000007 0.06823500000000002
0 0.8343755 0.7738236470588234 0.328125 0.34117600000000003
0 0.7283198125 0.1429410588235294 0.104688 0.136471
0 0.8900395625 0.1500000588235294 0.0968739999999999 0.136471
0 0.9611328125 0.19499999999999998 0.073438 0.15058800000000003
