0 0.0894921875 0.7895477342143907 0.08562499999999999 0.281279
0 0.1516796875 0.8980087283406755 0.06937500000000002 0.19943500000000006
0 0.3189453125 0.4475347254038179 0.026874999999999982 0.15804400000000002
0 0.398203125 0.5008590117474303 0.03562500000000002 0.16556900000000005
0 0.504453125 0.5211414405286344 0.03562499999999996 0.16933199999999998
0 0.5321484375 0.4416392907488986 0.030625000000000013 0.07149600000000003
0 0.5385546875 0.5681094419970631 0.038124999999999964 0.18908699999999995
0 0.5677734375 0.5546638678414096 0.030625000000000013 0.15051799999999996
0 0.580078125 0.446044577092511 0.03687499999999999 0.080903
0 0.6127734375 0.4930125785609398 0.030625000000000013 0.10065800000000005
0 0.8277734375 0.5259602980910426 0.030000000000000027 0.17591699999999996
0 0.8697265625 0.5479408707782671 0.03437499999999993 0.190969
