0 0.744453125 0.7267461112737921 0.06812499999999999 0.27673600000000004
0 0.035078125 0.766330467057101 0.03625 0.26172599999999996
0 0.1021875 0.6120179326500733 0.016875 0.04408999999999993
0 0.22046875 0.7402218843338214 0.05625000000000002 0.2954970000000001
0 0.309921875 0.7284646939970717 0.06 0.2457780000000001
0 0.36796875 0.7253261420204977 0.08625 0.300188
0 0.4346484375 0.7246944729136163 0.030625000000000013 0.17073200000000002
0 0.46765625 0.6477273133235724 0.03999999999999998 0.1444650000000001
0 0.4791015625 0.7148132825768668 0.03437499999999999 0.12288999999999993
0 0.5125 0.6590284729136164 0.03187500000000004 0.17167
0 0.5687890625 0.7043982459736456 0.04999999999999993 0.188556
0 0.846796875 0.71679582284041 0.05999999999999994 0.24765399999999987
0 0.893828125 0.7307525651537335 0.06687500000000002 0.2420260000000001
