0 0.1463671875 0.4200001111111111 0.023125000000000007 0.064102
0 0.1544921875 0.7457547777777778 0.023125000000000007 0.07834799999999999
0 0.1557421875 0.8041597777777777 0.023125000000000007 0.07834699999999999
0 0.2555859375 0.09219366666666666 0.013750000000000012 0.055556
0 0.4668359375 0.8030766666666667 0.014374999999999971 0.09686599999999998
0 0.4844140625 0.40290611111111113 0.01874999999999999 0.064102
0 0.5127734374999999 0.6371508888888888 0.02999999999999997 0.06125400000000001
0 0.5140625 0.12102555555555555 0.01750000000000007 0.07549899999999998
0 0.5187890625 0.7539034444444445 0.018124999999999947 0.12962900000000002
0 0.56640625 0.05310588888888888 0.008750000000000036 0.05840400000000001
0 0.7046875 0.23276333333333332 0.015625 0.066952
0 0.746640625 0.4864957777777778 0.020625000000000004 0.07977200000000001
0 0.7686328125 0.17151033333333332 0.010000000000000009 0.06695100000000002
0 0.7815625 0.1727638888888889 0.015625 0.061253
0 0.8400390625 0.4647858888888889 0.01937499999999992 0.05840500000000001
0 0.8521875 0.39054144444444444 0.015625 0.052705999999999954
0 0.883515625 0.37618199999999996 0.020625000000000004 0.082621
0 0.963984375 0.747977 0.011874999999999969 0.08404599999999997
