0 0.2386328125 0.5816482812982998 0.010624999999999996 0.07722799999999994
0 0.2612109375 0.5739696615146831 0.014374999999999971 0.08712900000000005
0 0.30046875 0.5832432318392581 0.02437499999999998 0.10693099999999997
0 0.3770703125 0.5915986367851623 0.02562500000000001 0.10495100000000002
0 0.428046875 0.5844756120556414 0.02812500000000001 0.11782100000000009
0 0.4461328125 0.5137173307573416 0.010625000000000051 0.04455500000000002
0 0.455234375 0.5108685208655332 0.012499999999999956 0.05049500000000005
0 0.481015625 0.5920330417310665 0.020000000000000018 0.09900999999999996
0 0.5140234375 0.5953666120556415 0.030625000000000013 0.11980199999999998
0 0.5318359375 0.5205271406491498 0.013749999999999929 0.03861400000000005
0 0.548359375 0.5172429258114375 0.011874999999999969 0.046534999999999965
0 0.5592578125 0.5156973307573416 0.010000000000000009 0.04455500000000002
0 0.5801171875 0.5824946120556415 0.02187500000000009 0.11980200000000006
0 0.6019921875 0.5792113972179289 0.02312499999999995 0.12772200000000003
0 0.79171875 0.5627160911901082 0.024374999999999925 0.0683169999999999
0 0.82234375 0.5880495625965997 0.024374999999999925 0.1485149999999999
0 0.8518359375 0.5556639010819165 0.014375000000000027 0.06435700000000001
0 0.8671875 0.5441454714064915 0.016249999999999987 0.08316899999999998
0 0.8838671875 0.5461264714064915 0.021874999999999978 0.08118800000000001
