0 0.0534375 0.6084502884333821 0.016875 0.031895000000000014
0 0.05640625 0.5992526442166911 0.00875 0.015009999999999976
0 0.072109375 0.6033474172767204 0.011874999999999997 0.032832999999999994
0 0.0937109375 0.5800096749633968 0.014375000000000013 0.04033699999999997
0 0.1073828125 0.5885217730600292 0.010000000000000009 0.017824000000000072
0 0.1216796875 0.577905159590044 0.006874999999999992 0.027204
0 0.1337109375 0.5914500307467057 0.015000000000000013 0.0253290000000001
0 0.2148046875 0.5784312884333822 0.007499999999999979 0.030956999999999957
0 0.2341796875 0.5642460307467058 0.006249999999999978 0.02532799999999996
0 0.242109375 0.5924321903367497 0.012500000000000011 0.05253300000000002
0 0.2416796875 0.5665339019033675 0.007500000000000007 0.021575999999999974
0 0.269140625 0.6262655710102488 0.02124999999999999 0.150094
0 0.2824609375 0.5995253191800879 0.014374999999999971 0.05534700000000003
0 0.2916796875 0.5736270307467057 0.007500000000000007 0.026266000000000022
0 0.310234375 0.6274839633967789 0.04312499999999997 0.06941799999999997
0 0.2991796875 0.5782027730600292 0.007500000000000007 0.018762000000000046
0 0.320390625 0.597236448023426 0.02124999999999999 0.05722400000000003
0 0.341953125 0.5930284172767204 0.004999999999999949 0.03470899999999994
0 0.4320703125 0.6238634421669107 0.026874999999999982 0.14821700000000002
0 0.48875 0.5698480922401171 0.03312499999999996 0.07317099999999993
0 0.5291015625 0.6344541171303074 0.034375000000000044 0.18667900000000007
0 0.53953125 0.5583194172767203 0.008750000000000036 0.034709000000000025
0 0.5519140625 0.574012963396779 0.018125000000000058 0.06941799999999997
0 0.5595703125 0.6256693440702782 0.02562500000000001 0.16697899999999996
0 0.5728515625 0.6362600190336749 0.03500000000000003 0.20544100000000004
0 0.598046875 0.5782910922401171 0.028125000000000067 0.07317100000000001
0 0.956484375 0.6355063748169839 0.043749999999999956 0.19230699999999992
