0 0.170292 0.45675814684287813 0.032 0.058116000000000015
0 0.2153623125 0.4576910044052863 0.026665999999999995 0.06212400000000008
0 0.22771875 0.47679814684287813 0.023999999999999994 0.05811599999999993
0 0.29305175 0.40318571806167397 0.02400000000000002 0.05410800000000011
0 0.2959814375 0.801982718061674 0.029334000000000027 0.05410800000000011
0 0.3306484375 0.8600987180616742 0.029332999999999998 0.05410899999999992
0 0.328432625 0.46771100440528635 0.020000000000000018 0.06412799999999995
0 0.33705175 0.7633711468428782 0.02400000000000002 0.0581160000000001
0 0.3440751875 0.4638412892804699 0.022666999999999993 0.05210399999999999
0 0.34505175 0.40465414684287804 0.02400000000000002 0.058116000000000015
0 0.3506484375 0.7259690029368575 0.029332999999999998 0.042084000000000066
0 0.361765625 0.4447341468428781 0.021333000000000046 0.056111999999999974
0 0.367098625 0.3115362892804699 0.021333999999999964 0.0501
0 0.371098625 0.5088621468428781 0.019999999999999962 0.05811599999999993
0 0.3759814375 0.6841440044052863 0.02933399999999997 0.06412800000000003
0 0.383004875 0.7728555756240821 0.02799999999999997 0.060119999999999965
0 0.3814091875 0.43324571806167406 0.022665999999999964 0.05410799999999994
0 0.3907421875 0.4997750044052864 0.022666999999999993 0.062124
0 0.400526375 0.20947057415565346 0.013332999999999984 0.04007999999999999
0 0.4106484375 0.7591041453744494 0.029332999999999998 0.038076
0 0.4091455 0.7935694317180617 0.016000000000000014 0.046091999999999966
0 0.4141220625 0.47665986196769455 0.01866699999999999 0.07013999999999997
0 0.41838575 0.8544840044052863 0.025332999999999994 0.0641290000000001
0 0.4184795 0.2113362892804699 0.016000000000000014 0.05210399999999999
0 0.423098625 0.6140030044052863 0.02133400000000002 0.06212499999999998
0 0.42905175 0.8144040044052864 0.025333999999999968 0.062123999999999915
0 0.429859375 0.2800078604992658 0.01333300000000004 0.04809600000000005
0 0.4546484375 0.8158724331864905 0.029332999999999998 0.06613199999999982
0 0.457671875 0.5248941468428782 0.02799999999999997 0.056111999999999974
0 0.45838575 0.9708552892804698 0.02400000000000002 0.052104000000000074
0 0.4640751875 0.7451968619676945 0.022666999999999993 0.07014000000000005
0 0.4718125 0.1512162892804699 0.01599999999999996 0.05210399999999997
0 0.480958 0.8675791468428781 0.03200000000000003 0.05811700000000016
0 0.4940283125 0.9012508604992658 0.026666999999999996 0.04809600000000001
0 0.496432625 0.062106431718061676 0.02133299999999999 0.04408800000000001
0 0.49838575 0.968315718061674 0.025332999999999994 0.05410799999999994
0 0.5286953125 0.5968998619676946 0.026666999999999996 0.07014100000000004
0 0.533671875 0.8924217195301029 0.028000000000000025 0.07414899999999994
0 0.53438575 0.4206861468428782 0.02533300000000005 0.058116000000000015
0 0.53571875 0.5749941468428781 0.02533299999999994 0.05611200000000006
0 0.558292 0.7188858604992657 0.03200000000000003 0.04809600000000001
0 0.5574091875 0.8375191468428782 0.022665999999999964 0.058116000000000015
0 0.60371875 0.6506105756240822 0.02400000000000002 0.06012100000000011
0 0.6433623125 0.6695804331864905 0.026665999999999968 0.06613199999999998
0 0.694911125 0.7203542892804699 0.03600000000000003 0.052104000000000074
0 0.689765625 0.21147457415565346 0.019999999999999907 0.04007999999999999
0 0.6986484375 0.6606315756240823 0.029332999999999942 0.060119999999999965
0 0.76505175 0.5578910044052864 0.025333999999999968 0.062123999999999915
0 0.7992685625 0.8985720044052864 0.034665999999999975 0.06412899999999994
0 0.805578125 0.8265662892804698 0.03599999999999992 0.052104000000000074
0 0.8061220625 0.6149358619676946 0.01866699999999999 0.07014099999999995
0 0.8078125 0.38768828928046983 0.017332999999999932 0.05210500000000001
0 0.8171455 0.5560252892804699 0.01733400000000007 0.05009999999999996
0 0.8266484375 0.9381174331864904 0.029332999999999942 0.06613199999999998
0 0.82638575 0.7484102892804698 0.02400000000000002 0.05210399999999999
0 0.8413154375 0.5163425756240823 0.03066599999999997 0.060119999999999965
0 0.8348359375 0.2894922892804699 0.014667000000000097 0.0501
0 0.84505175 0.44566700440528634 0.02400000000000002 0.062124
0 0.8632685625 0.6881520044052863 0.034666000000000086 0.06412799999999995
0 0.869765625 0.5440012892804699 0.021333000000000046 0.05010000000000004
0 0.87438575 0.28348028928046987 0.02400000000000002 0.05210399999999999
0 0.89571875 0.569517718061674 0.02533299999999994 0.05410800000000011
0 0.9026484375 0.5301115741556534 0.029332999999999942 0.04008000000000003
