0 0.2176171875 0.621251019033675 0.053125000000000006 0.2063790000000001
0 0.048203125 0.6192166017569546 0.036875000000000005 0.174484
0 0.267109375 0.4650807057101025 0.012500000000000011 0.061914
0 0.2974609375 0.6029268286969254 0.044999999999999984 0.15572299999999992
0 0.2942578125 0.45569970571010254 0.011249999999999982 0.06378999999999994
0 0.30703125 0.45922419033674966 0.009375000000000022 0.05253300000000002
0 0.3794921875 0.6081439575402635 0.02312499999999995 0.15947400000000003
0 0.478515625 0.6275895036603222 0.05249999999999999 0.19418400000000002
0 0.5058203125 0.5865938960468522 0.026875000000000038 0.1135079999999999
0 0.6857421875 0.5857701537335286 0.021874999999999978 0.11725999999999989
0 0.8158203125 0.5736010922401171 0.026874999999999982 0.07129400000000001
0 0.8530078125 0.5671483499267935 0.04249999999999998 0.076923
