0 0.044792 0.5337888125 0.03229099999999999 0.04140699999999997
0 0.11302083333333335 0.51953075 0.02604199999999997 0.02421899999999999
0 0.16067741666666666 0.51250025 0.07604100000000001 0.07187500000000002
0 0.20598991666666666 0.5210935 0.030207999999999974 0.04843799999999998
0 0.24088575 0.516015375 0.02499999999999995 0.04453100000000004
0 0.49401075 0.68671875 0.05729100000000006 0.14843799999999996
0 0.5330725833333334 0.6908200625 0.051041999999999886 0.1429689999999999
0 0.78776075 0.53125025 0.026040999999999908 0.04062499999999991
0 0.8270833333333334 0.52343775 0.04374999999999988 0.05624999999999997
0 0.95598925 0.5210935 0.03958399999999992 0.01718799999999998
