0 0.0442734375 0.5628887019969278 0.061333 0.17819700000000005
0 0.180536125 0.5625256850998465 0.066667 0.21173999999999998
0 0.2427060625 0.6311282580645161 0.08066599999999999 0.25891
0 0.289390625 0.5439478986175116 0.052666999999999964 0.18553499999999998
0 0.3909404375 0.6047786513056836 0.06133299999999997 0.2725359999999999
0 0.469004875 0.5168580307219662 0.028666999999999998 0.12683500000000003
0 0.524723625 0.5799836682027649 0.05133399999999999 0.24213800000000002
0 0.577625 0.5373349324116744 0.03199999999999992 0.125786
0 0.6434375 0.5444164715821812 0.048667000000000016 0.23584899999999998
0 0.803004875 0.566612129032258 0.028000000000000025 0.13102800000000003
0 0.858245125 0.5575944239631336 0.03599999999999992 0.140461
0 0.891776375 0.6553970921658986 0.07600000000000007 0.37840699999999994
0 0.9719814375 0.5514500307219662 0.02933399999999997 0.12683400000000003
