0 0.4033203125 0.3222399411764706 0.808125 0.16745099999999996
0 0.0296875 0.32059629411764706 0.0475 0.17779900000000004
0 0.0758984375 0.3216450588235294 0.029375 0.13640699999999997
0 0.09984375 0.3229425882352941 0.024375000000000008 0.15428100000000003
0 0.1395703125 0.31911529411764705 0.02687500000000001 0.12699900000000003
0 0.1703515625 0.31706023529411764 0.03437499999999999 0.14205100000000007
0 0.3647265625 0.32616458823529415 0.03437499999999999 0.10536200000000001
0 0.3844921875 0.30051582352941175 0.02312499999999995 0.04609599999999996
0 0.4312890625 0.32722476470588235 0.018125000000000002 0.10912500000000001
0 0.4690234375 0.31957958823529414 0.02937500000000004 0.10442199999999999
0 0.5500390625 0.32568888235294113 0.01937500000000003 0.08090299999999999
0 0.60109375 0.32310423529411764 0.024375000000000036 0.09407399999999998
0 0.706015625 0.3198718235294118 0.083125 0.095014
0 0.83046875 0.3158830588235294 0.15000000000000002 0.38758200000000004
0 0.7953125 0.3218295294117647 0.04749999999999999 0.16933199999999995
