0 0.236875 0.587608199023199 0.21875 0.4003129999999999
0 0.4134375 0.5084240549450549 0.046875 0.11180600000000002
0 0.4166796875 0.5336470402930403 0.03875000000000001 0.082096
0 0.4975390625 0.5325020805860805 0.01937500000000003 0.16184500000000002
0 0.5337890625 0.5734360183150183 0.04999999999999993 0.03753000000000009
0 0.548046875 0.5071500622710623 0.02749999999999997 0.125879
0 0.5887109375 0.5074390695970696 0.04625000000000001 0.14151699999999992
0 0.577265625 0.5212230622710623 0.020625000000000004 0.126662
0 0.608203125 0.49507906349206354 0.03687499999999999 0.12822499999999995
0 0.908671875 0.6507870268620268 0.05999999999999994 0.05473000000000007
0 0.9135546875 0.5197130537240537 0.06874999999999998 0.10789699999999998
