0 0.184296875 0.33524055929721813 0.05937500000000001 0.33208199999999993
0 0.2228125 0.2482607306002928 0.048750000000000016 0.17729799999999998
0 0.2699609375 0.31526888433382133 0.07687500000000003 0.295497
0 0.296640625 0.20369647877013178 0.020625000000000004 0.07973700000000002
0 0.33734375 0.3064140131771596 0.05499999999999999 0.29831099999999994
0 0.3658984375 0.30935949194729134 0.06124999999999997 0.375235
0 0.391640625 0.3681349399707174 0.08374999999999999 0.43245800000000006
0 0.45828125 0.419853701317716 0.16562500000000002 0.63227
0 0.5425 0.4007404245973646 0.09499999999999997 0.419324
0 0.532265625 0.18432103074670572 0.020625000000000004 0.024389999999999988
0 0.5545703125 0.2025309633967789 0.026874999999999982 0.06847999999999997
0 0.6069921875 0.33176023426061496 0.08437500000000009 0.371482
0 0.6813671875 0.32379920351390923 0.08562499999999995 0.34803
0 0.746796875 0.3355563938506589 0.09124999999999994 0.39587199999999995
0 0.79046875 0.28384634992679353 0.024374999999999925 0.076923
