0 0.060546875 0.5428015095168375 0.121875 0.10412800000000005
0 0.072265625 0.9244623133235725 0.14625 0.14634199999999986
0 0.083984375 0.6732838286969254 0.169375 0.157598
0 0.1279296875 0.8015915344070279 0.256875 0.21763599999999986
0 0.2207421875 0.5990346325036603 0.11624999999999999 0.197936
0 0.2616015625 0.8628027672035138 0.03437499999999999 0.10975700000000013
0 0.2705078125 0.9357894114202049 0.04125000000000001 0.12476600000000006
0 0.33984375 0.5486580248901903 0.14875 0.11538499999999999
0 0.2925 0.8503101537335286 0.03250000000000003 0.1191369999999999
0 0.3212109375 0.9606182210834554 0.04624999999999996 0.07504699999999988
0 0.31953125 0.856806055636896 0.040000000000000036 0.13977499999999998
0 0.3484765625 0.7992412825768668 0.03500000000000003 0.12195100000000007
0 0.37203125 0.8951979575402635 0.040000000000000036 0.1604129999999999
0 0.3848828125 0.9769339326500733 0.041874999999999996 0.044089999999999845
0 0.477578125 0.5963608286969253 0.12937499999999996 0.157598
0 0.4594921875 0.9796336749633967 0.023125000000000007 0.03846199999999999
0 0.5549609375 0.6628428535871157 0.10875000000000001 0.27110699999999993
0 0.661328125 0.6632547247437774 0.09875 0.269231
0 0.826796875 0.682700270863836 0.21625000000000005 0.30206400000000005
0 0.8859765625 0.9105497306002929 0.06625000000000003 0.17635999999999988
0 0.950625 0.5999284729136165 0.09562499999999996 0.17260799999999996
0 0.966875 0.7713450190336748 0.06374999999999997 0.2054399999999999
