0 0.046875 0.6777970688140557 0.095 0.435801
0 0.0807421875 0.6123901171303074 0.05375 0.18650399999999998
0 0.084765625 0.5309171537335285 0.052500000000000005 0.11902599999999992
0 0.138671875 0.6842408111273792 0.09 0.428304
0 0.3134375 0.7430079516837482 0.078125 0.2511709999999999
0 0.3783203125 0.7370952767203514 0.057499999999999996 0.21180799999999994
0 0.5180078125 0.7431892459736457 0.07312500000000005 0.187441
0 0.5966015625 0.7674350497803805 0.06625000000000003 0.22867900000000013
0 0.6823046875 0.7467047306002929 0.03875000000000006 0.1761949999999999
0 0.723125 0.7249753133235723 0.03312499999999996 0.14526700000000006
0 0.7603125 0.7270838286969253 0.04875000000000007 0.15557600000000005
0 0.8203515625 0.7435429575402636 0.06562500000000004 0.15932500000000002
0 0.9472265625 0.6425495959004391 0.06562499999999993 0.2652290000000001
0 0.9603125 0.7166329399707174 0.078125 0.432052
