0 0.266015375 0.508681 0.04375000000000001 0.15972199999999992
0 0.502344 0.7506947777777778 0.40703100000000003 0.49444399999999994
0 0.3873049375 0.5097223333333333 0.04531200000000002 0.16944399999999993
0 0.54296875 0.45208288888888887 0.02421899999999999 0.09027800000000002
0 0.5794924375 0.45555511111111113 0.03046799999999994 0.09861200000000005
0 0.67421875 0.4642362222222223 0.02343800000000007 0.10138900000000002
0 0.7384770625 0.46111077777777787 0.017967999999999984 0.05694499999999995
0 0.7783203125 0.48541633333333345 0.025781000000000054 0.10694499999999997
0 0.8232426875 0.6642361111111111 0.10156200000000004 0.5041669999999999
0 0.7953125 0.46805577777777785 0.015625 0.058333000000000045
0 0.873046875 0.47500022222222227 0.027344000000000035 0.07222199999999995
0 0.93750025 0.49583355555555564 0.03984299999999996 0.11388899999999991
0 0.96562475 0.48854144444444436 0.02421899999999999 0.1097220000000001
