0 0.0679330625 0.18963572057205721 0.05 0.11574500000000003
0 0.124464625 0.1931654906490649 0.050926 0.13034400000000002
0 0.487022125 0.8423987205720572 0.03518600000000005 0.11574499999999992
0 0.524884 0.8372999405940594 0.03240799999999999 0.120959
0 0.5549700625 0.8425129405940593 0.04999999999999993 0.12095999999999997
0 0.60789975 0.8415851606160616 0.05555500000000002 0.12408799999999995
0 0.665003375 0.8321330308030802 0.04444400000000004 0.16162600000000005
0 0.6971575625 0.8375394004400439 0.03425899999999993 0.08967699999999999
0 0.7006583125 0.1682747502750275 0.026851999999999987 0.05526599999999999
0 0.707393125 0.8365535104510451 0.03518500000000002 0.09176299999999997
0 0.7204066875 0.8475546105610561 0.03888899999999995 0.11261799999999991
0 0.7567199375 0.8379882607260726 0.04629700000000003 0.14598500000000003
0 0.7788408125 0.19507816061606162 0.04166700000000001 0.12513100000000002
0 0.78805025 0.8467991606160616 0.039814000000000016 0.12408699999999998
0 0.8254411875 0.8577531705170517 0.0527780000000001 0.105318
0 0.8527125625 0.8578673905390538 0.03425899999999993 0.10948900000000009
0 0.8791451875 0.8613400506050606 0.05277799999999999 0.12304499999999996
0 0.9066049375 0.1769974807480748 0.076851 0.151199
0 0.897208125 0.8569396105610562 0.03518500000000002 0.11261699999999994
0 0.934447375 0.8611677205720571 0.04351800000000006 0.11470300000000004
0 0.96953125 0.8577531705170517 0.04074100000000003 0.105318
