0 0.3135546875 0.5284146749633968 0.007500000000000007 0.040337999999999936
0 0.3249609375 0.5386635768667642 0.013749999999999984 0.05909900000000001
0 0.33578125 0.5444759326500732 0.009375000000000022 0.04596599999999996
0 0.405859375 0.5384350614934115 0.011874999999999969 0.04784299999999997
0 0.4334375 0.5342010922401171 0.01687500000000003 0.07317099999999993
0 0.4503125 0.5397158345534406 0.016249999999999987 0.06472800000000001
0 0.5192578125 0.5390312884333821 0.010000000000000009 0.03095700000000004
0 0.5330078125 0.5254163191800879 0.010624999999999996 0.05440900000000005
0 0.549609375 0.5319833191800878 0.012500000000000067 0.05347000000000002
0 0.559609375 0.5301063191800879 0.013125000000000053 0.053471000000000074
0 0.82421875 0.654514111273792 0.08687500000000004 0.27673500000000006
0 0.8859375 0.46322192679355784 0.01749999999999996 0.13696099999999997
