0 0.005859375 0.5851947974683545 0.011875 0.08987800000000001
0 0.0107421875 0.5084196835443038 0.0225 0.07773300000000005
0 0.028749999999999998 0.5788194430379747 0.031875 0.09473699999999996
0 0.032421875 0.4962746835443038 0.028125 0.07611300000000003
0 0.081640625 0.5750783797468354 0.021250000000000005 0.11012100000000007
0 0.084140625 0.4426847974683544 0.021250000000000005 0.09068800000000003
0 0.1194140625 0.5460772658227848 0.019375000000000003 0.096356
0 0.311875 0.5906112658227849 0.03187499999999999 0.09797599999999995
0 0.416015625 0.4605902784810127 0.020000000000000018 0.053441
0 0.4419140625 0.4656998101265823 0.018750000000000044 0.04777300000000003
0 0.47421875 0.4503148101265823 0.024999999999999967 0.046153999999999924
0 0.549140625 0.41585098734177217 0.02124999999999999 0.04534399999999998
0 0.73625 0.6825650886075949 0.03125 0.0987859999999999
