0 0.172265625 0.46020833333333333 0.08374999999999999 0.26166700000000004
0 0.1259375 0.7252083333333333 0.1725 0.26166700000000004
0 0.2028125 0.7103649166666667 0.14125 0.24833299999999991
0 0.40265625 0.8508333333333332 0.25875 0.29333300000000007
0 0.3305078125 0.75401075 0.10375000000000001 0.30666600000000005
0 0.41359375 0.6359375 0.11875000000000002 0.17333299999999988
0 0.4527734375 0.6363024166666666 0.06125000000000003 0.16999999999999993
0 0.531015625 0.4216145833333333 0.14500000000000002 0.14500000000000002
0 0.563984375 0.8132291666666668 0.16875000000000007 0.286667
0 0.533671875 0.62140625 0.09124999999999994 0.13333299999999992
0 0.663125 0.9348958333333334 0.15750000000000008 0.12166699999999997
0 0.6556640625 0.7156253333333332 0.11250000000000004 0.20000000000000018
0 0.7342578125 0.44468749999999996 0.10375000000000001 0.361667
0 0.83203125 0.8137496666666667 0.16500000000000004 0.2716669999999999
0 0.8878515625 0.4447913333333333 0.15875000000000006 0.323334
0 0.9052734375 0.8576559166666667 0.18625000000000003 0.27999999999999997
