0 0.168125 0.6745987112561175 0.09437500000000001 0.17118999999999995
0 0.168125 0.5402738890701468 0.031875000000000014 0.213987
0 0.2140625 0.49877703262642736 0.047500000000000014 0.17327799999999996
0 0.2076171875 0.4754139624796085 0.021875000000000006 0.10438499999999998
0 0.258203125 0.5511685676998369 0.03624999999999998 0.20981200000000008
0 0.295703125 0.6604999983686787 0.09875 0.09394499999999997
0 0.2758984375 0.5434686394779772 0.02937500000000004 0.18997900000000004
0 0.3125 0.5576938531810767 0.03125 0.22233799999999995
0 0.356015625 0.5609564959216966 0.05249999999999999 0.23068899999999998
0 0.4328125 0.4590328564437194 0.015625 0.040710000000000045
0 0.4765625 0.5686564241435563 0.04749999999999999 0.25052199999999997
0 0.591484375 0.5614810668841762 0.07562500000000005 0.256785
0 0.64796875 0.5543005676998368 0.024375000000000036 0.209812
0 0.6718359375 0.5572371745513867 0.04625000000000001 0.22651399999999997
0 0.7194140625 0.4618398205546492 0.018125000000000058 0.05114800000000009
