0 0.1338841875 0.40961638491547464 0.24030100000000001 0.11000000000000004
0 0.058082875 0.24527558257477242 0.060074999999999996 0.05833300000000005
0 0.0976500625 0.24487246163849155 0.018774 0.03666599999999997
0 0.15548656249999998 0.22950585175552662 0.097622 0.04000000000000003
0 0.382731625 0.34397519245773733 0.02002499999999996 0.055000000000000056
0 0.5512669375 0.37917675292587777 0.013766999999999974 0.06666599999999996
0 0.5918668125 0.32023807152145645 0.011264000000000052 0.034999999999999955
0 0.6050839375 0.3219050715214564 0.013766999999999974 0.035000000000000066
0 0.6201029375 0.33564119245773727 0.015017999999999976 0.056666999999999995
0 0.6398525 0.31560468140442133 0.016270000000000007 0.031667
0 0.7790509375 0.2013369011703511 0.015019000000000005 0.026667
0 0.7990759375 0.2013369011703511 0.015018999999999894 0.026667
0 0.815773625 0.1996709011703511 0.02002500000000007 0.02833300000000002
0 0.842055625 0.20560468140442134 0.02002500000000007 0.031667
0 0.8591509375 0.21467090117035112 0.013768000000000002 0.026665999999999974
0 0.8738955 0.21467090117035112 0.016270000000000007 0.026665999999999974
0 0.929665625 0.3680404122236671 0.02002499999999996 0.04999999999999998
0 0.930916625 0.21097129128738623 0.02002499999999996 0.029999999999999992
0 0.972218625 0.2063744122236671 0.02127699999999999 0.051666000000000004
