0 0.76280375 0.7072122459736457 0.055659000000000014 0.18761799999999987
0 0.0508443125 0.44963289604685214 0.026892 0.111633
0 0.056275 0.31214676720351386 0.033146 0.10975600000000003
0 0.1616625625 0.413749663250366 0.126955 0.22138800000000006
0 0.1982630625 0.24712015373352855 0.080675 0.11726099999999998
0 0.2421943125 0.67899143045388 0.08943099999999998 0.329269
0 0.2960985 0.6397056881405564 0.079424 0.334897
0 0.28688075 0.3947159882869692 0.055035 0.18292700000000006
0 0.8620865 0.28494176720351394 0.048781000000000074 0.10975600000000003
0 0.8754939375 0.72767460761347 0.04627899999999996 0.08442799999999986
0 0.91571625 0.39300612298682286 0.04002499999999998 0.0966229999999999
0 0.914937 0.27116838067349924 0.03314600000000001 0.10037600000000002
0 0.9240005 0.48940060761346993 0.04815499999999995 0.08255200000000008
0 0.93040775 0.7216337364568083 0.055035000000000056 0.0863039999999999
0 0.9608985 0.29690925183016104 0.048780000000000046 0.099437
0 0.9649249375 0.4767937364568082 0.04627900000000007 0.08536600000000001
0 0.9755569375 0.5947642210834554 0.04627899999999996 0.074109
0 0.976225 0.7186363806734992 0.03189500000000001 0.100375
