0 0.2421484375 0.7507812499999998 0.029375000000000012 0.10333300000000012
0 0.263046875 0.7565100833333332 0.028749999999999998 0.09666700000000006
0 0.41984375 0.7546357499999999 0.024999999999999967 0.08666599999999998
0 0.6392578125 0.7836455 0.04249999999999998 0.141667
0 0.6639453125 0.79442675 0.026874999999999982 0.11916700000000002
0 0.693046875 0.8013545 0.028750000000000053 0.11000000000000003
0 0.7184375 0.7684378333333334 0.016875000000000084 0.09083299999999994
0 0.7245703125 0.789375 0.026874999999999982 0.09500000000000004
0 0.755625 0.7928125 0.03249999999999997 0.14083300000000007
0 0.7832421875 0.7706253333333333 0.02187500000000009 0.07416599999999995
0 0.8159765625 0.7937496666666667 0.03375000000000006 0.1475000000000001
0 0.870234375 0.8673434166666666 0.10624999999999996 0.2633340000000001
0 0.8752734375 0.90375 0.09312500000000001 0.189167
0 0.9816015625 0.8649475833333332 0.034375000000000044 0.26833400000000013
