0 0.0927734375 0.8539158613569321 0.06125 0.08781800000000005
0 0.1837109375 0.9015890914454276 0.108125 0.15675200000000006
0 0.1740625 0.8501921976401179 0.04749999999999999 0.11425900000000008
0 0.253203125 0.8743844601769912 0.03562499999999999 0.141643
0 0.29375 0.8935123451327434 0.06374999999999997 0.10859399999999993
0 0.36453125 0.6754664778761063 0.10250000000000004 0.302171
0 0.3446484375 0.860884598820059 0.029374999999999984 0.05760200000000005
0 0.4184375 0.9164100501474927 0.07937499999999997 0.11803600000000002
0 0.42515625 0.8611101238938054 0.07187499999999997 0.11614799999999996
0 0.486484375 0.6577581828908554 0.07437500000000002 0.31350400000000006
0 0.5209765625 0.8539701976401181 0.09624999999999995 0.11425799999999993
0 0.6065625 0.7007195929203539 0.11124999999999996 0.33711
0 0.60296875 0.8903749439528024 0.08749999999999991 0.1624169999999999
0 0.680703125 0.8865436076696165 0.09875 0.13597700000000001
0 0.7174609375 0.9161753451327433 0.10812500000000003 0.10670500000000004
0 0.786796875 0.8745648289085545 0.09000000000000008 0.12747800000000012
0 0.8768359375 0.9133341651917404 0.10750000000000004 0.15486300000000003
0 0.8971484375 0.9286225339233039 0.09312500000000001 0.13975499999999993
