0 0.07060156249999999 0.9524698653001464 0.034999999999999996 0.08995499999999997
0 0.08634375 0.8967517672035139 0.05500000000000001 0.10944500000000004
0 0.14153125 0.89256960761347 0.04000000000000001 0.08395799999999995
0 0.15334375 0.9693833191800878 0.055999999999999994 0.05547200000000003
0 0.16871875 0.8791463499267935 0.024999999999999994 0.07796200000000006
0 0.2255078125 0.8952876383601757 0.04200000000000001 0.10644700000000001
0 0.4398984375 0.9001956325036603 0.34299999999999997 0.196402
0 0.6305546875 0.9187136998535871 0.039000000000000035 0.154423
0 0.64390625 0.822947515373353 0.008000000000000007 0.011993999999999873
0 0.6605546875 0.9739859326500732 0.039000000000000035 0.046476999999999984
0 0.67253125 0.9357317672035138 0.040999999999999925 0.1109450000000002
0 0.670859375 0.8449094480234262 0.01200000000000001 0.05697200000000001
0 0.7203203125 0.9401590248901903 0.05800000000000005 0.11544300000000003
0 0.71371875 0.9785895461200586 0.02400000000000002 0.03598199999999995
0 0.7325078125 0.8837150922401171 0.04200000000000004 0.07196400000000007
0 0.7996484375 0.9247804421669107 0.029999999999999916 0.14692699999999997
0 0.917078125 0.9247804421669107 0.16200000000000003 0.14692699999999997
0 0.906578125 0.8086116076134698 0.03700000000000003 0.0824590000000001
0 0.946484375 0.8010807364568082 0.04399999999999993 0.08545699999999996
