0 0.230859375 0.697599 0.074375 0.35122400000000004
0 0.3541015625 0.6410407647058823 0.06562499999999999 0.11111100000000007
0 0.4001953125 0.6294561176470588 0.026874999999999982 0.07344600000000003
0 0.43296875 0.6689597647058824 0.08687499999999998 0.2589449999999999
0 0.4405859375 0.687717294117647 0.07687499999999997 0.32768400000000003
0 0.4933984375 0.678525705882353 0.09250000000000003 0.12617699999999993
0 0.499921875 0.5958960588235294 0.09125 0.137476
0 0.5203515625 0.6067932352941177 0.03499999999999992 0.09227899999999996
0 0.523671875 0.5564225294117647 0.028749999999999942 0.06968000000000003
0 0.5704296875 0.6755507647058824 0.10124999999999995 0.2598869999999999
0 0.5548828125 0.5463607647058824 0.04249999999999998 0.06120499999999989
0 0.5829296875 0.4003875882352941 0.038125000000000075 0.15442599999999995
0 0.5771875 0.5481914705882353 0.01750000000000007 0.03484000000000006
0 0.5891796875 0.6189713529411764 0.038124999999999964 0.113935
0 0.6023828125 0.5847761176470588 0.04125000000000001 0.12335200000000003
0 0.6022265625 0.5328815294117647 0.03500000000000003 0.06779700000000002
0 0.6130078125 0.41122188235294116 0.041874999999999996 0.131827
0 0.6274609375 0.5828408235294117 0.04500000000000004 0.09698600000000004
0 0.6440234375 0.40975129411764705 0.02937499999999993 0.12806
0 0.6621484375 0.5724073529411764 0.06062500000000004 0.161959
0 0.67609375 0.539695294117647 0.05624999999999991 0.12711799999999995
0 0.7020703125 0.5299936470588235 0.02562500000000001 0.08851200000000006
0 0.7255078125 0.5762799411764706 0.073125 0.21563
0 0.7671484375 0.5319706470588236 0.06062500000000004 0.189266
0 0.8236328125 0.619203705882353 0.10375000000000001 0.12523500000000004
0 0.8043359375 0.5216126470588235 0.04500000000000004 0.19114899999999999
0 0.8737109375 0.5208924117647059 0.04625000000000001 0.24858800000000003
