0 0.0230078125 0.8023961666666666 0.041249999999999995 0.16166600000000017
0 0.0458984375 0.8094795 0.029375 0.14083300000000007
0 0.14375 0.7875520833333334 0.064375 0.19250000000000003
0 0.1957421875 0.9105208333333333 0.053125000000000006 0.15333300000000008
0 0.2158203125 0.7989065833333333 0.05687500000000001 0.17499999999999996
0 0.31125 0.775833 0.03125 0.12750000000000009
0 0.3325 0.7789586666666666 0.03312499999999996 0.11666600000000009
0 0.439765625 0.8166149166666666 0.020625000000000004 0.06083299999999999
0 0.4605859375 0.8076038333333333 0.015000000000000013 0.09083400000000008
0 0.4689453125 0.8108850833333334 0.026875000000000038 0.0674999999999999
0 0.504453125 0.77557325 0.03624999999999995 0.13499999999999993
0 0.5341796875 0.7748434166666667 0.03874999999999995 0.13999999999999999
0 0.5887890625 0.8027604166666666 0.04937500000000006 0.20166700000000004
0 0.8438671875 0.7882288333333333 0.021874999999999978 0.12083400000000004
0 0.8582421875 0.790833 0.021874999999999978 0.12583400000000008
