0 0.62421875 0.6463538333333334 0.05468799999999996 0.11979200000000005
0 0.0048828125 0.7122399166666668 0.010156 0.060416000000000025
0 0.015625 0.7825520833333334 0.03125 0.06770799999999995
0 0.0400390625 0.9015621666666668 0.080469 0.19374999999999995
0 0.4990234375 0.41484408333333334 0.999219 0.5677079999999999
0 0.1380861875 0.8263024166666666 0.24218699999999999 0.326041
0 0.0341801875 0.819792 0.021875 0.032291000000000146
0 0.0708984375 0.898958 0.060937 0.15833399999999997
0 0.0798833125 0.611458 0.027343000000000006 0.09375
0 0.19218775 0.7070315833333334 0.05625000000000002 0.08124999999999998
0 0.28222606250000004 0.9067708333333334 0.17421899999999998 0.18333299999999988
0 0.2119143125 0.6218753333333332 0.027343000000000006 0.07395800000000012
0 0.280859625 0.79036425 0.051562 0.07083400000000006
0 0.2927736875 0.7257809166666668 0.039061999999999986 0.061458999999999854
0 0.3310551875 0.7421871666666666 0.053124000000000005 0.09895900000000009
0 0.3521486875 0.8653649166666666 0.07031199999999999 0.15416600000000003
0 0.458984375 0.8807295 0.19921900000000003 0.235416
0 0.4460935 0.7520836666666666 0.046875 0.08437500000000009
0 0.5541018125 0.88151075 0.10468699999999997 0.1510409999999999
0 0.6361333125 0.9049479166666666 0.21406199999999997 0.186458
0 0.70703125 0.9145836666666667 0.07031299999999996 0.11666599999999994
0 0.720702625 0.8046878333333334 0.051562999999999914 0.18437499999999987
0 0.7630856875 0.8117184166666668 0.03749999999999998 0.17083399999999985
0 0.862890875 0.9067708333333334 0.21562500000000007 0.18333299999999988
0 0.89140575 0.6945315833333333 0.05468799999999996 0.05104099999999997
0 0.976953375 0.69869825 0.043749999999999956 0.04166600000000006
0 0.9931638125 0.6484375 0.010938000000000003 0.04895799999999998
