0 0.316875 0.9122769927007298 0.09375 0.14192300000000002
0 0.4990234375 0.22360210948905107 0.999375 0.297852
0 0.10265625 0.40099747445255474 0.03937499999999999 0.09337100000000001
0 0.2798046875 0.2399923284671533 0.03812500000000002 0.09523800000000002
0 0.3433203125 0.2332709343065693 0.026874999999999982 0.06162500000000003
0 0.46078125 0.5327924817518248 0.10249999999999998 0.35200700000000007
0 0.5912890625 0.5744013357664233 0.11249999999999993 0.35387500000000005
0 0.7076171875 0.2988016642335767 0.021874999999999978 0.047618999999999946
0 0.8811328125 0.3681624087591241 0.04125000000000001 0.15312800000000001
0 0.934375 0.35775803649635035 0.0318750000000001 0.10084100000000001
0 0.96890625 0.40642974452554737 0.04062500000000002 0.107376
