0 0.2428125 0.8683529516837482 0.17312500000000003 0.2514080000000001
0 0.4580078125 0.7538905168374817 0.9175 0.489681
0 0.09886718750000001 0.6237491844802343 0.08437499999999998 0.1425889999999999
0 0.5099218750000001 0.4905930614934114 0.02812500000000001 0.04784200000000008
0 0.52953125 0.6692419326500733 0.040000000000000036 0.04409000000000001
0 0.616015625 0.8662935959004393 0.176875 0.2645399999999999
0 0.5859375 0.717539963396779 0.04874999999999996 0.0675420000000001
0 0.5751171875 0.5269505461200585 0.022500000000000075 0.03658499999999998
0 0.606171875 0.5292384172767203 0.028124999999999956 0.03470900000000011
0 0.6324609375 0.6868805768667643 0.04625000000000001 0.06097600000000002
0 0.640546875 0.5355068038067351 0.028125000000000067 0.042213999999999974
0 0.721796875 0.7054592210834554 0.05874999999999997 0.075046
0 0.7196484375 0.5463519326500732 0.02937500000000004 0.04409000000000001
0 0.763125 0.5528046749633968 0.03187499999999999 0.03846199999999999
0 0.814375 0.5609490614934114 0.03312500000000007 0.046904999999999995
0 0.8372265625 0.7587900248901902 0.06499999999999995 0.1153840000000001
0 0.8572265625 0.5645878038067349 0.03500000000000003 0.04221400000000014
