0 0.09394506250000001 0.4537682580645162 0.11328099999999999 0.260258
0 0.021484375 0.4751573284457478 0.042969 0.23798400000000003
0 0.176953375 0.4408485395894428 0.04375000000000001 0.17819499999999994
0 0.194921875 0.36141350733137834 0.060156000000000015 0.146542
0 0.239453125 0.3766400967741936 0.036719 0.09964899999999997
0 0.32656225 0.3414638914956012 0.039063000000000014 0.073857
0 0.3607416875 0.3194831671554252 0.03828199999999998 0.07737400000000001
0 0.461328125 0.31566158357771257 0.035938000000000025 0.03868700000000005
0 0.6806643125 0.4123945454545454 0.027343000000000006 0.09261500000000004
0 0.712890875 0.40770864809384166 0.028124999999999956 0.10551000000000003
0 0.744921875 0.41151271847507326 0.027344000000000035 0.08323600000000005
0 0.766796625 0.4109354750733138 0.051563000000000025 0.11371599999999997
0 0.8369138125 0.4320405777126099 0.04140700000000008 0.12426800000000009
0 0.8685551875 0.4458080967741936 0.02187399999999995 0.09730400000000002
0 0.889063 0.45607512903225805 0.03281199999999995 0.13012900000000008
0 0.9294921875 0.4798329178885631 0.05390600000000001 0.19343499999999997
0 0.963281 0.4760154369501466 0.03125 0.16647100000000004
