0 0.10500000000000001 0.5924967214076247 0.125 0.540337
0 0.074296875 0.41085116129032256 0.06 0.16322699999999998
0 0.1978515625 0.4182291994134897 0.035 0.11069499999999996
0 0.2553125 0.5160132844574781 0.08000000000000002 0.3771109999999999
0 0.329765625 0.5274607272727272 0.14625 0.45591000000000015
0 0.3823828125 0.5003574574780059 0.07374999999999998 0.36773000000000006
0 0.405625 0.44761819354838717 0.03125 0.19512199999999993
0 0.4511328125 0.4988911818181818 0.07375000000000004 0.3658539999999999
0 0.505625 0.36709999413489736 0.03249999999999997 0.08630400000000009
0 0.554140625 0.47074918181818176 0.11500000000000005 0.3639770000000001
0 0.5215625 0.3421733079178885 0.01749999999999996 0.03752300000000005
0 0.622578125 0.4351646627565982 0.09875 0.39211999999999997
0 0.6726953125 0.33913061583577714 0.026249999999999996 0.07317099999999993
0 0.70296875 0.4480447390029325 0.08624999999999994 0.285178
0 0.7303515625 0.33186271847507326 0.03500000000000003 0.08442800000000003
0 0.76171875 0.4237013988269795 0.08625000000000005 0.21951199999999998
0 0.80265625 0.40599595014662754 0.07125000000000004 0.22326499999999996
0 0.833515625 0.3451058592375366 0.02124999999999999 0.04127600000000003
0 0.877109375 0.4099215718475073 0.07500000000000007 0.20825499999999997
0 0.861171875 0.35976861583577713 0.02749999999999997 0.07317100000000001
0 0.9262109375 0.4068153988269795 0.0462499999999999 0.21951299999999996
0 0.9599609375 0.32371089149560117 0.04500000000000004 0.07504700000000003
0 0.9695703125 0.3730910586510264 0.057499999999999996 0.15009399999999998
