0 0.0234375 0.8199305555555556 0.0475 0.07999999999999997
0 0.02734375 0.935833 0.055 0.12555599999999995
0 0.09574218749999999 0.9336109999999999 0.084375 0.12777799999999997
0 0.103671875 0.573611 0.06 0.12555600000000006
0 0.148203125 0.7915274444444445 0.066875 0.07888900000000001
0 0.17703125 0.9155553333333333 0.071875 0.16666699999999995
0 0.233046875 0.8219441111111112 0.058750000000000024 0.09999999999999994
0 0.2423828125 0.9299303333333333 0.073125 0.1366669999999999
0 0.304453125 0.878194 0.06687500000000002 0.18888900000000003
0 0.34390625 0.9267365555555556 0.07187499999999997 0.14333299999999996
0 0.36421875 0.7553471111111112 0.05625000000000002 0.13
0 0.4552734375 0.8752776666666667 0.06187500000000001 0.20999999999999985
0 0.53859375 0.7966665555555555 0.05625000000000002 0.114445
0 0.5827734375 0.8700691111111111 0.09187500000000004 0.25555599999999995
0 0.635 0.6327774444444444 0.09437499999999999 0.14222299999999993
0 0.809453125 0.5404171111111111 0.379375 0.911111
