0 0.136015625 0.8140695225225225 0.020625000000000004 0.04706999999999997
0 0.151640625 0.8009835315315315 0.01999999999999999 0.06532200000000002
0 0.1830859375 0.7948010330330331 0.015000000000000013 0.0672430000000001
0 0.21109375 0.795277021021021 0.024375000000000008 0.043226999999999974
0 0.2383984375 0.7689205225225224 0.029374999999999984 0.045148999999999995
0 0.295234375 0.573634075075075 0.044375 0.15273800000000007
0 0.3302734375 0.96759003003003 0.030000000000000027 0.06147900000000002
0 0.3312890625 0.9069500270270271 0.01874999999999999 0.05571599999999999
0 0.355078125 0.35760805405405405 0.036250000000000004 0.10950999999999997
0 0.3537109375 0.919204045045045 0.015000000000000013 0.09029799999999999
0 0.3820703125 0.9294725495495496 0.02562500000000001 0.1008649999999999
0 0.4012890625 0.8648695435435435 0.019374999999999976 0.08837600000000005
0 0.4264453125 0.9583470390390391 0.026874999999999982 0.0797309999999999
0 0.43390625 0.9073695255255254 0.00874999999999998 0.05379500000000009
0 0.443359375 0.936738051051051 0.013124999999999998 0.10278600000000014
0 0.4609375 0.853519036036036 0.016249999999999987 0.07492800000000005
0 0.474140625 0.8944055375375375 0.020625000000000004 0.07685000000000015
0 0.485859375 0.8282445405405405 0.012500000000000011 0.08261300000000002
0 0.5133203125 0.9086935345345345 0.02562500000000001 0.0710860000000001
0 0.5226171875 0.8092100330330331 0.023125000000000062 0.06820299999999993
0 0.5457421875 0.8378425165165165 0.021874999999999978 0.03554200000000001
0 0.5690234375 0.963505024024024 0.02937500000000004 0.04899200000000008
0 0.5724609375 0.8530995375375376 0.014374999999999916 0.07684899999999995
0 0.5796875 0.7834505255255254 0.015625 0.052834000000000124
0 0.5905859375 0.8470935315315316 0.015000000000000013 0.06436099999999997
0 0.597109375 0.83310403003003 0.013124999999999942 0.06147900000000002
0 0.6012890625 0.7597340210210209 0.01937499999999992 0.043226999999999974
0 0.6130078125 0.8245800330330331 0.010000000000000009 0.0672430000000001
0 0.6361328125 0.7049225315315315 0.011249999999999982 0.06532200000000002
0 0.6439453125 0.880053027027027 0.026874999999999982 0.056676000000000004
0 0.6512890625 0.8222385345345345 0.01937500000000003 0.0710860000000001
0 0.6694140625 0.9378755435435436 0.01937500000000003 0.08837699999999991
0 0.6771875 0.747003015015015 0.015625 0.03170099999999999
0 0.67703125 0.8320875405405406 0.008125000000000049 0.08261199999999998
0 0.697109375 0.8515415465465466 0.012499999999999956 0.09317999999999993
0 0.70296875 0.9544395255255256 0.024374999999999925 0.05379499999999992
0 0.70390625 0.741724027027027 0.008125000000000049 0.054754999999999936
0 0.71078125 0.8393520420420421 0.008749999999999925 0.08453399999999991
0 0.7149609375 0.749885015015015 0.01375000000000004 0.032660999999999926
0 0.7259375 0.8170725255255256 0.016874999999999973 0.052833000000000005
0 0.7301171875 0.877656039039039 0.021874999999999978 0.07877000000000002
0 0.7500390625 0.8249995315315314 0.01937500000000003 0.0634000000000001
0 0.783203125 0.9149425465465465 0.03687499999999999 0.09606100000000002
0 0.836953125 0.31781157957957956 0.03687499999999999 0.159463
0 0.8338671875 0.8482965375375376 0.02312499999999995 0.07684899999999995
0 0.8377734375 0.8914025345345346 0.030625000000000013 0.07012500000000003
0 0.8742578125 0.28779057357357357 0.04125000000000001 0.147935
