0 0.8857421875 0.4988809343065693 0.11687499999999995 0.46168299999999995
0 0.16015625 0.552507394160584 0.19624999999999998 0.43457899999999994
0 0.1263671875 0.501869 0.05374999999999999 0.401869
0 0.14949218749999998 0.12766253284671533 0.08562499999999999 0.171962
0 0.25089843749999996 0.5261753357664234 0.09187500000000001 0.356074
0 0.5038281250000001 0.4970666204379562 0.12937499999999996 0.48878499999999997
0 0.56546875 0.5351185255474453 0.05500000000000005 0.31027999999999994
0 0.6601953125 0.5218431240875913 0.12062499999999998 0.419626
0 0.7043359375 0.22650245255474452 0.07687500000000003 0.11308399999999996
0 0.74 0.5424588102189781 0.125625 0.44486000000000003
0 0.767265625 0.23696018248175182 0.0525000000000001 0.09906499999999999
0 0.8151171875 0.23655103649635037 0.05312500000000009 0.10093399999999997
0 0.928671875 0.2047066788321168 0.08999999999999997 0.16822499999999996
