0 0.3440625 0.6484809575402635 0.04812500000000003 0.1594750000000001
0 0.06371093750000001 0.5633080307467057 0.013749999999999991 0.02345200000000001
0 0.155 0.6283960248901903 0.0325 0.1153840000000001
0 0.1657421875 0.6219432825768667 0.021875000000000006 0.12101299999999993
0 0.223671875 0.6121062518301611 0.02812500000000001 0.09943699999999996
0 0.2707421875 0.6118777364568082 0.021874999999999978 0.08630400000000006
0 0.2921875 0.61229060761347 0.01687500000000003 0.08255100000000003
0 0.382578125 0.62983321522694 0.036250000000000004 0.16604199999999988
0 0.6942578125 0.5670600307467057 0.011250000000000093 0.023451999999999928
0 0.71140625 0.575844803806735 0.008750000000000036 0.04315199999999995
0 0.833359375 0.5954747057101025 0.011874999999999969 0.06285200000000006
0 0.847734375 0.5968946749633968 0.012499999999999956 0.0403380000000001
0 0.865859375 0.5994110614934114 0.012500000000000067 0.04971900000000009
