0 0.0126953125 0.6288887777777776 0.025625 0.05666700000000012
0 0.015625 0.773333111111111 0.031875 0.22555599999999998
0 0.041796875 0.685903 0.028125 0.15666600000000003
0 0.07875 0.8049303333333334 0.09499999999999999 0.38666699999999987
0 0.1796875 0.7711108888888888 0.04874999999999999 0.277778
0 0.2298046875 0.7756251111111112 0.03812500000000002 0.25444400000000006
0 0.2784375 0.8454856666666666 0.078125 0.304445
0 0.273828125 0.7065973333333333 0.03562500000000002 0.13666699999999998
0 0.33984375 0.8215273333333334 0.08750000000000002 0.3544449999999999
0 0.326484375 0.7062496666666668 0.044375 0.14777799999999994
0 0.3179296875 0.6413892222222222 0.006249999999999978 0.07000000000000009
0 0.3958984375 0.8652774444444444 0.12312500000000004 0.2655559999999999
0 0.422421875 0.8086804444444444 0.058750000000000024 0.2955560000000001
0 0.4880859375 0.8454856666666666 0.10874999999999996 0.304445
0 0.70609375 0.637917 0.024375000000000036 0.065555
0 0.7517578125 0.6410415555555554 0.04125000000000001 0.08222200000000009
0 0.8837890625 0.7093056666666667 0.018124999999999947 0.02222199999999989
0 0.9464453125 0.7104856666666667 0.02562500000000001 0.05333400000000004
