0 0.1440234375 0.7132714669603525 0.279375 0.5394739999999999
0 0.14453125 0.1854370161527166 0.071875 0.227444
0 0.2534765625 0.4581687327459618 0.22125 0.26033900000000004
0 0.289609375 0.527893449339207 0.169375 0.29135300000000003
0 0.2459375 0.21897944199706315 0.047500000000000014 0.18797000000000003
0 0.3523828125 0.4367307283406755 0.10375000000000001 0.19830799999999998
0 0.4146875 0.5485671703377386 0.20499999999999996 0.38533799999999996
0 0.42390625 0.3775197283406755 0.070625 0.19830899999999999
0 0.5721484375 0.5166700293685756 0.12312500000000004 0.412594
0 0.8559765625 0.5338817430249633 0.12812500000000004 0.404135
0 0.84234375 0.34275014684287813 0.024375000000000036 0.05826999999999996
0 0.947109375 0.38427886343612333 0.043749999999999956 0.09022499999999997
