0 0.1620703125 0.48057567313915855 0.02562499999999998 0.12863100000000002
0 0.2940625 0.4487904110032363 0.016874999999999973 0.14315399999999998
0 0.3302734375 0.5165911488673139 0.029374999999999984 0.16182499999999994
0 0.4939453125 0.4977508705501619 0.026875000000000038 0.20746899999999996
0 0.53859375 0.48422183818770226 0.024375000000000036 0.26348499999999997
0 0.5986328125 0.5780729708737864 0.04249999999999998 0.448133
0 0.6723828125 0.6672781197411003 0.07374999999999998 0.6099580000000001
0 0.705859375 0.5699422491909385 0.04375000000000007 0.402489
0 0.7694140625 0.5600652330097088 0.050000000000000044 0.4294610000000001
0 0.91578125 0.5480330032362459 0.04062500000000002 0.39626599999999995
