0 0.09458333333333334 0.3029296875 0.105 0.28875
0 0.1886979166666667 0.31546874999999996 0.12333299999999997 0.24375
0 0.46541699999999997 0.4928515625 0.5650000000000001 0.94125
0 0.22552116666666666 0.2861328125 0.06833300000000002 0.22875
0 0.27458299999999997 0.2334765625 0.06416700000000002 0.12812499999999996
0 0.358333 0.1684375 0.125834 0.08000000000000002
0 0.65151075 0.2032421875 0.05666600000000003 0.053125000000000006
0 0.6753128333333334 0.162578125 0.05749999999999996 0.06812500000000002
0 0.8620312499999999 0.2743359375 0.04083300000000012 0.044999999999999984
0 0.9522399166666666 0.273984375 0.0925000000000001 0.07500000000000001
