0 0.107421875 0.10677083333333333 0.215625 0.21583300000000002
0 0.0234765625 0.4432295 0.03375 0.08
0 0.026015625 0.3294274166666667 0.020624999999999998 0.075833
0 0.0471484375 0.4637503333333333 0.03 0.10499999999999998
0 0.0463671875 0.32755208333333335 0.023125 0.06583300000000003
0 0.07828125 0.8928645833333334 0.04000000000000001 0.08250000000000002
0 0.0769921875 0.31494791666666666 0.023124999999999993 0.05999999999999998
0 0.09359375 0.4313538333333333 0.024374999999999994 0.027500000000000007
0 0.095546875 0.8746354166666667 0.028124999999999997 0.04499999999999993
0 0.09484375 0.9209375 0.024374999999999994 0.048333000000000105
0 0.5429296875 0.3560413333333334 0.9125 0.260834
0 0.105 0.5431246666666667 0.0325 0.11499999999999992
0 0.115234375 0.96348925 0.04375000000000001 0.07083400000000006
0 0.1203515625 0.8962499999999999 0.033750000000000016 0.0650000000000001
0 0.1201953125 0.433958 0.02625000000000001 0.033333999999999975
0 0.1345703125 0.4073961666666666 0.026874999999999996 0.03833300000000003
0 0.1439453125 0.8757291666666668 0.026874999999999982 0.038332999999999874
0 0.143515625 0.4376559166666667 0.020625000000000004 0.029166999999999943
0 0.149921875 0.91125 0.028124999999999983 0.06416699999999986
0 0.29996093749999997 0.11317708333333333 0.32625000000000004 0.22333300000000003
0 0.15421875 0.41072916666666665 0.024375000000000008 0.03833300000000003
0 0.16359375 0.4393229166666666 0.02437499999999998 0.029167000000000016
0 0.178046875 0.6360413333333333 0.027499999999999997 0.13750000000000004
0 0.1769140625 0.418958 0.018125000000000002 0.03249999999999997
0 0.1827734375 0.8270836666666668 0.03 0.14666599999999988
0 0.199140625 0.4182291666666667 0.020625000000000004 0.03749999999999994
0 0.20109375 0.445625 0.024375000000000008 0.031666999999999966
0 0.2196484375 0.94661425 0.06062500000000001 0.1016670000000001
0 0.2159765625 0.6861979166666666 0.035 0.12416700000000007
0 0.2212890625 0.4198961666666667 0.019375000000000003 0.03750000000000001
0 0.2287890625 0.4443229166666667 0.018125000000000002 0.030000000000000027
0 0.25406249999999997 0.8610937499999999 0.047500000000000014 0.11916700000000002
0 0.2426171875 0.42026008333333337 0.021874999999999978 0.03416699999999998
0 0.245390625 0.45276008333333334 0.020624999999999977 0.03416699999999998
0 0.2522265625 0.9722395833333334 0.033749999999999974 0.051666999999999984
0 0.2691015625 0.7052083333333332 0.03375 0.1358330000000001
0 0.271015625 0.4510940833333334 0.020625000000000004 0.03583299999999993
0 0.286640625 0.42869825 0.020625000000000004 0.04166599999999998
0 0.29375 0.981458 0.03125 0.033333999999999975
0 0.298203125 0.9358336666666668 0.036250000000000004 0.0841659999999999
0 0.30046875 0.4677600833333333 0.02437499999999998 0.035000000000000066
0 0.3039453125 0.65182325 0.026874999999999982 0.07083300000000008
0 0.3062890625 0.4293229166666666 0.01937500000000003 0.030833000000000037
0 0.315390625 0.4533333333333333 0.020625000000000004 0.04249999999999998
0 0.321796875 0.6916145833333333 0.02812500000000001 0.14500000000000002
0 0.3319140625 0.43692708333333335 0.01937500000000003 0.03416699999999998
0 0.3460546875 0.9658850833333332 0.03875000000000001 0.06583400000000017
0 0.344765625 0.47671875 0.020625000000000004 0.025832999999999995
0 0.351015625 0.43453125 0.020625000000000004 0.03916700000000003
0 0.364140625 0.46130241666666666 0.020625000000000004 0.045000000000000005
0 0.3757421875 0.43692708333333335 0.021875000000000033 0.03416699999999998
0 0.3826953125 0.46536425 0.02562500000000001 0.040000000000000036
0 0.3903515625 0.6401041666666666 0.03374999999999995 0.13250000000000006
0 0.5534765625 0.11328125 0.34625000000000006 0.2275
0 0.4038671875 0.44229199999999996 0.023125000000000007 0.03250000000000005
0 0.41421875 0.46630241666666666 0.02437499999999998 0.045000000000000005
0 0.447109375 0.9519274166666666 0.04375000000000001 0.07749999999999997
0 0.451015625 0.8547920000000001 0.05125000000000002 0.15666599999999983
0 0.43859375 0.4441663333333334 0.02437499999999998 0.043333999999999984
0 0.46921875 0.4776045 0.023749999999999993 0.04833299999999996
0 0.4694921875 0.44302083333333336 0.02250000000000002 0.02833299999999994
0 0.4944921875 0.44692708333333336 0.021874999999999978 0.034999999999999996
0 0.5098046875 0.96625 0.03875000000000001 0.06416700000000002
0 0.5044921875 0.47854166666666664 0.021874999999999978 0.053333
0 0.5198828125 0.6976045000000001 0.04249999999999998 0.17333300000000004
0 0.5208203125 0.45369825 0.026874999999999982 0.03916599999999996
0 0.530859375 0.7159375 0.043749999999999956 0.17416699999999988
0 0.53296875 0.495625 0.024375000000000036 0.03333300000000006
0 0.5489453125 0.45666633333333334 0.026249999999999996 0.04249999999999998
0 0.556953125 0.7423434166666666 0.03562499999999991 0.13999999999999999
0 0.55734375 0.5010940833333334 0.024374999999999925 0.034165999999999995
0 0.5740625 0.7012496666666667 0.046875 0.14833400000000005
0 0.566796875 0.9763024166666666 0.028750000000000053 0.045000000000000075
0 0.5757421875 0.4610940833333333 0.02187500000000009 0.035833000000000004
0 0.6097265625 0.491042 0.03500000000000003 0.09499999999999997
0 0.6109765625 0.7024479166666667 0.03375000000000006 0.185833
0 0.6141015625 0.68401075 0.03437499999999993 0.1808330000000001
0 0.6235546875 0.9766663333333333 0.03749999999999998 0.04333400000000006
0 0.632890625 0.50369825 0.020625000000000004 0.04083300000000004
0 0.814140625 0.12239583333333333 0.364375 0.246667
0 0.6745703125 0.5076045 0.02562500000000001 0.04749999999999995
0 0.683046875 0.9846878333333332 0.02749999999999997 0.027500000000000153
0 0.699375 0.5658850833333333 0.032500000000000084 0.06749999999999996
0 0.6994921875 0.51036425 0.021874999999999978 0.03916700000000003
0 0.72671875 0.5163024166666667 0.024375000000000036 0.04499999999999993
0 0.760546875 0.51369825 0.02750000000000008 0.04166599999999998
0 0.7947265625 0.52369825 0.03500000000000003 0.04166599999999998
0 0.8112890625 0.5066663333333333 0.018125000000000058 0.04416699999999999
0 0.8860546875 0.96984375 0.03874999999999995 0.05666700000000002
0 0.9485546875 0.15755208333333334 0.10062499999999996 0.1925
0 0.9184765625 0.8807815833333333 0.03375000000000006 0.14500000000000002
0 0.9604296875 0.4585934166666667 0.03749999999999998 0.07583400000000003
0 0.98109375 0.4188024166666667 0.024375000000000036 0.04666599999999995
0 0.9869140625 0.4585934166666667 0.01937500000000003 0.07583400000000003
