0 0.1898046875 0.5097736783625731 0.09999999999999998 0.33146099999999995
0 0.2687890625 0.5240648187134502 0.08124999999999999 0.295881
0 0.3137109375 0.578224134502924 0.10749999999999998 0.21722899999999998
0 0.297890625 0.5351531345029239 0.05249999999999999 0.21722899999999998
0 0.39421875 0.5822823567251462 0.08749999999999997 0.16292099999999995
0 0.424140625 0.5870294385964913 0.05249999999999999 0.1404489999999999
0 0.457890625 0.5625866491228071 0.05125000000000002 0.08801499999999995
0 0.5600390625 0.6123596666666666 0.08124999999999993 0.33520599999999995
0 0.629375 0.6375745847953216 0.09499999999999997 0.35580500000000004
0 0.7048828125 0.6206217953216374 0.07250000000000001 0.303371
0 0.7408203125 0.5338722046783626 0.057499999999999996 0.20037400000000008
0 0.775703125 0.6486140058479531 0.0675 0.24906300000000003
0 0.834765625 0.6555129356725147 0.08374999999999999 0.26779000000000003
