0 0.1669921875 0.49389758823529417 0.335 0.30479800000000007
0 0.2909765625 0.6174889411764706 0.03500000000000003 0.06585200000000008
0 0.3234375 0.6137259411764706 0.048750000000000016 0.06585200000000008
0 0.3440234375 0.517079705882353 0.030000000000000027 0.12511799999999992
0 0.3501953125 0.42182735294117646 0.026874999999999982 0.11382899999999994
0 0.361328125 0.6166671176470588 0.03562500000000002 0.07149599999999999
0 0.3666015625 0.5235455294117647 0.03500000000000003 0.11947400000000001
0 0.3741015625 0.43152658823529416 0.03375 0.105363
0 0.385 0.5723992352941177 0.033125000000000016 0.09407299999999996
0 0.4023828125 0.6180195294117647 0.04249999999999998 0.06961399999999998
0 0.3997265625 0.4048839411764706 0.03500000000000003 0.06679200000000002
0 0.400625 0.4862191764705882 0.03187499999999999 0.15710300000000008
0 0.4511328125 0.6211337647058823 0.04125000000000001 0.06020600000000004
0 0.4530078125 0.49697858823529417 0.04125000000000001 0.15427999999999997
0 0.46234375 0.428716 0.02437499999999998 0.15239899999999998
0 0.5334375 0.5525801176470588 0.140625 0.32267199999999996
0 0.48390625 0.6099090588235295 0.04062500000000002 0.08654799999999993
0 0.5216015625 0.6004481764705882 0.03374999999999995 0.10630300000000002
0 0.6215625 0.6302725294117647 0.171875 0.419567
0 0.621875 0.39401676470588237 0.03312500000000007 0.11006599999999998
0 0.653046875 0.4308353529411764 0.02749999999999997 0.16368800000000003
0 0.6683984375 0.5173823529411765 0.030624999999999902 0.16180700000000006
0 0.678125 0.39401676470588237 0.03125 0.11006599999999998
0 0.68875 0.5251467058823529 0.03187499999999999 0.174976
0 0.7103515625 0.41630252941176465 0.034375000000000044 0.11947300000000002
0 0.7305078125 0.6066227647058824 0.04125000000000001 0.11006599999999998
0 0.7278515625 0.5163231764705882 0.03374999999999995 0.15804299999999993
0 0.7425 0.41818352941176473 0.03187499999999999 0.11947300000000002
0 0.7696484375 0.42800194117647067 0.02937500000000004 0.11570999999999994
0 0.77953125 0.5213184117647058 0.040000000000000036 0.148636
0 0.7899609375 0.6101474117647058 0.04625000000000001 0.098777
0 0.801953125 0.4515313529411765 0.036250000000000004 0.16180600000000003
0 0.82328125 0.6166132352941177 0.03937500000000005 0.09125199999999999
0 0.88875 0.6736210588235294 0.06374999999999997 0.23706500000000003
0 0.9745703125 0.6367692352941177 0.02562500000000001 0.04233300000000004
