0 0.2822265 0.5519765036603221 0.078125 0.196193
0 0.025390625 0.5329429267935578 0.051758 0.13616399999999995
0 0.056640625 0.5402635036603222 0.115234 0.194729
0 0.050780875 0.4729135768667643 0.027343999999999993 0.060028999999999964
0 0.1806645 0.5666183133235724 0.079101 0.144948
0 0.2031245625 0.5197655095168375 0.09570400000000001 0.10395300000000005
0 0.1650390625 0.273791803806735 0.018554999999999988 0.04246
0 0.2119145 0.2723280307467057 0.017577999999999983 0.024890000000000023
0 0.25585962500000003 0.2679351595900439 0.021483999999999975 0.027819000000000062
0 0.369141 0.528550411420205 0.06445299999999998 0.12298699999999997
0 0.4267575 0.5387998286969253 0.08007799999999998 0.158125
0 0.476562 0.5373356691068815 0.06250000000000006 0.131771
0 0.518555125 0.5505126998535871 0.09863199999999994 0.15373299999999993
0 0.61132775 0.5329424729136164 0.05468800000000007 0.171303
0 0.7021488125 0.5431922152269401 0.1054679999999999 0.16544599999999993
0 0.7988285 0.6368958535871156 0.140625 0.27086399999999994
0 0.761718625 0.5139087364568082 0.05273400000000006 0.08638400000000007
0 0.8388669375 0.5431916998535872 0.07714900000000002 0.15373399999999998
0 0.8544920625 0.5139090248901903 0.050780999999999965 0.11712999999999994
0 0.8681643125 0.4846265768667643 0.02636699999999992 0.060028999999999964
0 0.899414125 0.534407411420205 0.06835900000000006 0.12591499999999994
0 0.948242 0.5226936749633968 0.03125 0.03953200000000002
0 0.9912109375 0.5666174480234261 0.014647999999999994 0.057100999999999895
