0 0.025390625 0.46017659854014603 0.051875 0.10924399999999997
0 0.0400390625 0.5373861605839416 0.08125 0.11858000000000002
0 0.0830078125 0.7110117737226278 0.166875 0.3464050000000001
0 0.0716796875 0.5159768467153285 0.06937499999999999 0.14565900000000007
0 0.11125 0.4672394525547445 0.06374999999999999 0.11111099999999995
0 0.234765625 0.8967747810218978 0.2075 0.20448100000000013
0 0.1828125 0.5029058467153285 0.078125 0.145658
0 0.187265625 0.6220793868613138 0.083125 0.17460300000000006
0 0.3020703125 0.8478439635036495 0.275625 0.3015870000000001
0 0.230625 0.5996703868613138 0.09437500000000001 0.17366900000000005
0 0.36808593749999996 0.792295795620438 0.29500000000000004 0.32493
0 0.2809765625 0.5072333868613138 0.06562500000000002 0.17460300000000006
0 0.431015625 0.7641660875912408 0.3025 0.3183940000000001
0 0.4140625 0.7030012554744526 0.171875 0.2969179999999998
0 0.515 0.585621 0.12687499999999996 0.401494
0 0.7853515625 0.5977069781021898 0.12812499999999993 0.42296999999999996
0 0.905 0.7854046715328468 0.188125 0.308123
