0 0.6191015625 0.9277086666666667 0.03374999999999995 0.05333299999999985
0 0.6304296875 0.8024479166666666 0.03875000000000006 0.06166700000000006
0 0.6325 0.8705725833333333 0.03125 0.04999999999999997
0 0.6603515625 0.9018746666666666 0.03374999999999995 0.05333399999999999
0 0.683125 0.8440107500000001 0.03312500000000007 0.05499999999999986
0 0.6966015625 0.9157809166666667 0.03499999999999992 0.06000000000000005
0 0.7278515625 0.8592705 0.03374999999999995 0.04833399999999995
0 0.7604296875 0.9332809166666668 0.03750000000000009 0.061666999999999916
0 0.7653515625 0.8644788333333334 0.03499999999999992 0.05833400000000003
0 0.7716015625 0.7847395833333334 0.03374999999999995 0.051666999999999984
0 0.7904296875 0.9600003333333333 0.03875000000000006 0.043333000000000066
0 0.8105078125 0.89348925 0.04249999999999998 0.07250000000000008
0 0.8180078125 0.7990625000000001 0.04125000000000001 0.07916699999999999
0 0.8619140625 0.80015625 0.05062500000000003 0.07250000000000008
0 0.8634375 0.9081770833333334 0.048125000000000084 0.09666700000000006
