0 0.0244140625 0.6967847647058824 0.050625 0.31073399999999995
0 0.0487890625 0.7058300588235293 0.081875 0.38606400000000013
0 0.0946875 0.6978429411764706 0.0475 0.31638399999999994
0 0.173125 0.706073 0.095 0.35122499999999995
0 0.14859375 0.5652566470588235 0.024375000000000008 0.04048999999999995
0 0.209609375 0.6504984705882353 0.043125000000000024 0.183616
0 0.2615234375 0.6894202352941176 0.060624999999999984 0.341808
0 0.3139453125 0.7222388823529412 0.08937499999999998 0.43032000000000004
0 0.282109375 0.5803226470588235 0.013124999999999998 0.03860700000000004
0 0.385546875 0.7807572352941176 0.09062500000000001 0.3436919999999999
0 0.3640234375 0.6339618823529412 0.030625000000000013 0.179849
0 0.4122265625 0.6566131764705884 0.06562499999999999 0.20715699999999984
0 0.413046875 0.5770213529411765 0.02812500000000001 0.062146999999999966
0 0.6950390625 0.6028054705882353 0.01937499999999992 0.03295699999999997
0 0.7233203125 0.6326296470588236 0.02562500000000001 0.0885119999999999
0 0.7786328125 0.638047294117647 0.0412499999999999 0.07909599999999992
0 0.7999609375 0.7906283529411764 0.07687500000000003 0.41431199999999996
0 0.8775390625 0.7033562352941176 0.08187500000000003 0.14312700000000003
