0 0.0094140625 0.8039065833333333 0.018125 0.05166599999999999
0 0.0282421875 0.7977600833333334 0.023125 0.03416699999999991
0 0.106328125 0.80963575 0.09937499999999999 0.088333
0 0.1782421875 0.8257809166666666 0.021874999999999978 0.06083399999999998
0 0.17765625 0.7679684166666666 0.009375000000000022 0.04666700000000009
0 0.2071875 0.807083 0.015625 0.06333400000000007
0 0.232421875 0.9401565833333333 0.058750000000000024 0.11249999999999998
0 0.2724609375 0.81369825 0.014375000000000027 0.040000000000000036
0 0.289765625 0.8332291666666666 0.02062499999999995 0.03833300000000003
0 0.2866796875 0.8032815833333333 0.006249999999999978 0.019165999999999943
0 0.3134375 0.8650520833333334 0.015625 0.06666699999999996
0 0.3199609375 0.8417705 0.014375000000000027 0.04833399999999995
0 0.3387890625 0.85848925 0.019374999999999976 0.07249999999999994
0 0.3459375 0.8063024166666666 0.016249999999999987 0.046666000000000096
0 0.3601171875 0.862083 0.023125000000000007 0.06333400000000007
0 0.3855078125 0.7568229166666667 0.010000000000000009 0.030833000000000037
0 0.39875 0.8586975833333333 0.03250000000000003 0.08250000000000002
0 0.39328125 0.7623961666666667 0.008124999999999993 0.03666600000000001
0 0.4255078125 0.8403128333333334 0.011249999999999982 0.05833299999999989
0 0.4294140625 0.8058850833333334 0.019374999999999976 0.06750000000000005
0 0.4465625 0.8297395833333333 0.015625 0.051666999999999984
0 0.4473828125 0.7942187500000001 0.010000000000000009 0.025832999999999846
0 0.4605078125 0.8202604166666667 0.011249999999999982 0.07749999999999997
0 0.5218359375 0.8206253333333332 0.015000000000000013 0.0741660000000001
0 0.5336328125 0.79088575 0.010624999999999996 0.025832999999999995
0 0.5406640625 0.81984375 0.01937500000000003 0.055000000000000014
0 0.6701171875 0.8319791666666667 0.02312499999999995 0.09999999999999994
0 0.905546875 0.8780211666666666 0.02750000000000008 0.06916600000000006
0 0.898984375 0.8150003333333333 0.013125000000000053 0.043333000000000066
0 0.9235546875 0.7682291666666666 0.007499999999999951 0.03749999999999994
0 0.9351171875 0.8800520833333333 0.023125000000000062 0.06750000000000005
0 0.932578125 0.7657291666666667 0.0050000000000000044 0.03666699999999986
0 0.9392578125 0.7693229166666667 0.010624999999999996 0.02916699999999987
0 0.9625390625 0.8774479166666667 0.018125000000000058 0.06083299999999999
