0 0.3758203125 0.8225524166666668 0.05750000000000005 0.23333299999999987
0 0.05078125 0.8323955 0.103125 0.32833400000000007
0 0.0211328125 0.7981253333333332 0.041875 0.198333
0 0.0183984375 0.711875 0.029375000000000002 0.09583299999999999
0 0.0996484375 0.72432325 0.029375 0.07166600000000001
0 0.1123046875 0.8241145833333333 0.037500000000000006 0.14333300000000002
0 0.1229296875 0.7780211666666667 0.03875000000000001 0.19333299999999998
0 0.15375 0.7425 0.031875000000000014 0.12583300000000008
0 0.177109375 0.77432325 0.044375 0.196666
0 0.3063671875 0.8138024166666668 0.08499999999999996 0.295833
0 0.3835546875 0.7103128333333334 0.03750000000000003 0.059165999999999976
