0 0.382265625 0.72255175 0.05125000000000002 0.1499999999999999
0 0.1217578125 0.7757295000000001 0.07249999999999998 0.20500000000000007
0 0.2664453125 0.7418225833333333 0.026875000000000038 0.11416700000000013
0 0.2881640625 0.717083 0.01937500000000003 0.06416700000000002
0 0.3015234375 0.6939059166666667 0.030000000000000027 0.09249999999999996
0 0.3957421875 0.6700520833333332 0.021874999999999978 0.0658330000000001
0 0.4020703125 0.7364583333333332 0.025624999999999953 0.0741670000000001
0 0.4776953125 0.7048440833333333 0.026249999999999996 0.09833300000000007
0 0.5227734375 0.7183850833333333 0.030624999999999902 0.06583400000000002
0 0.5389453125 0.6667708333333334 0.02562500000000001 0.09083299999999994
0 0.650546875 0.7141670000000001 0.028750000000000053 0.125833
0 0.686796875 0.7290100833333334 0.02750000000000008 0.0966669999999999
0 0.71234375 0.7075 0.024374999999999925 0.12749999999999995
0 0.7416015625 0.7108336666666667 0.03500000000000003 0.08583300000000005
0 0.80625 0.7048434166666667 0.0625 0.13833399999999996
0 0.94359375 0.7106253333333333 0.024375000000000036 0.07416599999999995
0 0.97171875 0.7065628333333334 0.05500000000000005 0.11999999999999995
