0 0.2878046875 0.7493993284457479 0.10000000000000003 0.23873799999999987
0 0.11524218750000001 0.7727188416422287 0.148 0.29879800000000006
0 0.332484375 0.42187312903225804 0.04299999999999998 0.13063100000000002
0 0.36134375 0.4217322316715543 0.055999999999999994 0.141141
0 0.5084765625000001 0.49806216129032255 0.12699999999999995 0.162163
0 0.56325 0.7407425718475074 0.06299999999999994 0.21021
0 0.5751796875 0.7184309178885631 0.06899999999999995 0.19069100000000008
0 0.631875 0.735053090909091 0.09400000000000008 0.18318300000000004
0 0.740859375 0.8000849384164224 0.262 0.39489399999999997
0 0.81696875 0.6823601935483872 0.08699999999999997 0.19519499999999987
