0 0.1460546875 0.01997465359477124 0.037500000000000006 0.037656999999999996
0 0.2573828125 0.02091503267973856 0.04249999999999998 0.04435100000000001
0 0.5365234375 0.44138174509803924 0.591875 0.715481
0 0.286015625 0.054901960784313725 0.083125 0.112134
0 0.3424609375 0.13287407843137256 0.13874999999999998 0.18075299999999997
0 0.3329296875 0.06306816993464053 0.03749999999999998 0.05857699999999999
0 0.39453125 0.15506349673202616 0.03937499999999999 0.076987
0 0.4548046875 0.27331792810457517 0.03874999999999995 0.07029200000000001
0 0.4791015625 0.3208578758169935 0.03437499999999999 0.08117100000000002
0 0.6108984375 0.4908849607843137 0.030625000000000013 0.11046100000000005
0 0.63875 0.5363910653594771 0.06437499999999996 0.08451900000000008
0 0.6283984375 0.4726389803921568 0.030000000000000027 0.05690400000000002
