0 0.3873828125 0.4631774166666667 0.07250000000000001 0.13833299999999996
0 0.041015625 0.6576562499999999 0.0825 0.320833
0 0.112890625 0.6004163333333333 0.08375000000000002 0.23083399999999998
0 0.326171875 0.7350517499999999 0.15250000000000002 0.4008340000000001
0 0.36703125 0.529167 0.07062500000000005 0.125833
0 0.4574609375 0.6998440833333334 0.10749999999999998 0.346666
0 0.4389453125 0.4997913333333333 0.05812499999999998 0.07416699999999994
0 0.496640625 0.5388538333333334 0.05250000000000005 0.15333399999999994
0 0.5458203125 0.5516663333333334 0.05812500000000009 0.16666699999999998
0 0.692421875 0.6963545 0.27875000000000005 0.36000000000000004
0 0.607734375 0.5241669999999999 0.043749999999999956 0.12583300000000008
0 0.7212109375 0.5622913333333334 0.07750000000000001 0.19999999999999996
0 0.7521484375 0.49156249999999996 0.06062499999999993 0.07916699999999999
0 0.9212109375 0.58046875 0.1087499999999999 0.21166700000000013
0 0.94953125 0.5029163333333333 0.07062499999999994 0.106667
