0 0.78296875 0.7080559956076135 0.18062500000000004 0.569418
0 0.01953125 0.7880821054172767 0.039375 0.3667909999999999
0 0.1183984375 0.879794307467057 0.21812499999999999 0.236398
0 0.087109375 0.7144905168374818 0.10625 0.4906189999999999
0 0.192578125 0.7028830263543192 0.12937500000000002 0.5919329999999999
0 0.2623046875 0.7642796149341142 0.1 0.46904299999999993
0 0.3765234375 0.7331123206442167 0.12312499999999998 0.530957
0 0.5017578125 0.7227232225475841 0.19875000000000004 0.551595
0 0.594453125 0.7285355783308931 0.130625 0.5384619999999999
0 0.9377734375 0.7177346090775988 0.12312500000000004 0.5609759999999999
