0 0.6680078125 0.5175524166666666 0.10499999999999998 0.35916600000000004
0 0.0499609375 0.46203158333333333 0.07625 0.20666600000000002
0 0.179375 0.6978121666666667 0.314375 0.6008340000000001
0 0.4164453125 0.6063020833333334 0.12 0.503333
0 0.625625 0.49119825 0.06312499999999999 0.29083299999999995
0 0.6419921875 0.3690621666666667 0.023125000000000062 0.038333999999999945
0 0.7181640625 0.37270866666666663 0.01937500000000003 0.053333000000000075
0 0.75609375 0.4251038333333333 0.055625000000000036 0.3408339999999999
0 0.8317578125 0.47578091666666666 0.07374999999999998 0.31
0 0.8120703125 0.3476559166666666 0.026250000000000107 0.02916699999999998
