0 0.3408203125 0.7364513230543318 0.11937500000000001 0.5239880000000001
0 0.4990234375 0.6287460528634361 0.999375 0.740357
0 0.022109375 0.5981217239353891 0.044375 0.13734699999999997
0 0.015859375000000002 0.3726907165932452 0.011874999999999998 0.032926000000000004
0 0.0273046875 0.37457271659324526 0.0075 0.03292499999999998
0 0.0434375 0.375397859030837 0.015625 0.02916300000000001
0 0.202734375 0.47066429368575624 0.074375 0.11194700000000007
0 0.6561718750000001 0.2299700308370044 0.685 0.43179700000000004
0 0.449296875 0.6238407371512482 0.18375000000000002 0.32173099999999993
0 0.594921875 0.6612641615271659 0.05874999999999997 0.26246500000000006
0 0.652734375 0.6338224449339207 0.07500000000000007 0.23142099999999996
0 0.8626953125 0.5771960088105728 0.057499999999999996 0.12511799999999998
0 0.926640625 0.6143651585903084 0.083125 0.22295400000000004
