0 0.110859375 0.570833 0.04312500000000001 0.12749999999999995
0 0.1585546875 0.8022913333333334 0.03749999999999998 0.198334
0 0.2204296875 0.8825524166666666 0.06999999999999998 0.23250000000000007
0 0.2222265625 0.5482288333333334 0.035 0.12166699999999997
0 0.2794140625 0.741875 0.04999999999999999 0.22083299999999997
0 0.3376953125 0.9284371666666668 0.05812499999999998 0.13083399999999998
0 0.32875 0.6981253333333334 0.03250000000000003 0.07416599999999995
0 0.3602734375 0.7150520833333333 0.029374999999999984 0.06750000000000005
0 0.3803125 0.8219791666666666 0.046875 0.22583300000000003
0 0.4271875 0.6756774166666667 0.048750000000000016 0.13999999999999999
0 0.443046875 0.6238541666666667 0.02812500000000001 0.06833299999999998
0 0.4706640625 0.8554684166666666 0.050000000000000044 0.1716670000000001
0 0.4780078125 0.5973955 0.04125000000000001 0.07916699999999999
0 0.4822265625 0.6786979166666667 0.034999999999999976 0.12333299999999998
0 0.5169140624999999 0.7191666666666666 0.049375 0.08416700000000003
0 0.51875 0.6242190833333333 0.03187499999999999 0.06666599999999996
0 0.5314453125 0.8606770833333334 0.05812499999999998 0.22166699999999992
0 0.5740625 0.67567675 0.046875 0.18083399999999994
0 0.6356640625 0.6935416666666666 0.04937500000000006 0.178333
0 0.700625 0.75671875 0.03249999999999997 0.15000000000000005
0 0.7423046875 0.88125 0.03874999999999995 0.19000000000000009
0 0.838359375 0.77473925 0.043749999999999956 0.134167
0 0.8523046875 0.6833336666666666 0.03749999999999998 0.08416600000000003
0 0.8865625 0.7571354166666667 0.04812499999999997 0.16999999999999993
0 0.9190625 0.8871871666666666 0.04874999999999996 0.19333399999999998
0 0.9337109375 0.6849996666666667 0.04500000000000004 0.08583400000000004
0 0.9431640625 0.77380175 0.05062500000000003 0.08750000000000006
