0 0.1181640625 0.5561537647058823 0.236875 0.46139399999999997
0 0.086484375 0.1656505294117647 0.16875 0.06967999999999999
0 0.100859375 0.946422 0.043125 0.10263599999999994
0 0.1570703125 0.8402930588235296 0.02687500000000001 0.18549899999999991
0 0.158046875 0.701124705882353 0.028124999999999983 0.12617699999999993
0 0.1862109375 0.8640131176470589 0.046249999999999986 0.17137499999999994
0 0.183515625 0.17024235294117648 0.020625000000000004 0.06402999999999996
0 0.2103125 0.1717129411764706 0.017499999999999988 0.065913
0 0.2296484375 0.8352355294117647 0.030625000000000013 0.17043400000000003
0 0.24203125 0.9650855294117646 0.04000000000000001 0.06779599999999997
0 0.5216015625 0.6713918823529411 0.59625 0.43032000000000004
0 0.288984375 0.9233990000000001 0.04375000000000001 0.15065899999999985
0 0.325625 0.9401795294117647 0.033125000000000016 0.11770199999999989
0 0.3640625 0.4559018823529412 0.016249999999999987 0.080979
0 0.3783984375 0.9487174117647059 0.029374999999999984 0.09886999999999994
0 0.4615234375 0.9510138235294118 0.029374999999999984 0.09510299999999997
0 0.5403515625 0.8069352352941176 0.03437499999999993 0.1431259999999999
0 0.5783984375 0.8144672352941177 0.030625000000000013 0.14312700000000003
0 0.5924609375 0.7756927647058824 0.015000000000000013 0.10922700000000009
0 0.6104296875 0.9188071764705882 0.03874999999999995 0.15725100000000009
0 0.9412890625 0.9581972941176471 0.050000000000000044 0.07909599999999992
0 0.9670703125 0.7758612352941177 0.05687500000000001 0.14312600000000006
