0 0.226952625 0.378125 0.082813 0.22083299999999997
0 0.0609375 0.38750033333333334 0.078125 0.10624999999999996
0 0.1095703125 0.376042 0.05781199999999999 0.09583299999999999
0 0.47109375 0.6885416666666666 0.68125 0.6166670000000001
0 0.3171875 0.20338541666666665 0.017187000000000008 0.04583300000000001
0 0.3291015625 0.33411425 0.03437499999999999 0.10208400000000006
0 0.38203175 0.3536458333333334 0.05624899999999999 0.12083299999999997
0 0.541796375 0.32161425 0.043749999999999956 0.10208400000000002
0 0.5853515625 0.3138024166666667 0.034375000000000044 0.10833300000000005
0 0.6021479375 0.21666633333333332 0.014063000000000048 0.041666999999999975
0 0.629297375 0.3192705 0.043749999999999956 0.11041699999999999
0 0.6499995 0.22317675 0.017188000000000092 0.05624999999999999
0 0.7513676875 0.2651041666666667 0.03749899999999995 0.13124999999999995
0 0.9869140625 0.22031283333333332 0.018749999999999933 0.058333
