0 0.7558984375 0.5464315344070279 0.06187500000000001 0.21669800000000006
0 0.0523828125 0.6195419399707174 0.10375 0.430582
0 0.0287109375 0.3032736749633968 0.014374999999999999 0.03846199999999999
0 0.0425390625 0.3076660614934114 0.018124999999999995 0.04690399999999998
0 0.0543359375 0.37918857686676427 0.014374999999999999 0.06003799999999996
0 0.0713671875 0.37772444802342603 0.021875000000000006 0.056285
0 0.12789062499999998 0.33949096339677887 0.02062500000000002 0.06754200000000006
0 0.187109375 0.39255009224011717 0.012500000000000011 0.07317100000000006
0 0.2225390625 0.5717959765739385 0.08187500000000003 0.3639770000000001
0 0.204609375 0.3887980922401171 0.011874999999999997 0.07317
0 0.2181640625 0.3687121595900439 0.01874999999999999 0.029080000000000033
0 0.220390625 0.3212550922401171 0.020625000000000004 0.07129499999999998
0 0.275234375 0.32887434992679354 0.013124999999999998 0.07879900000000004
0 0.297265625 0.32489383455344073 0.020625000000000004 0.06660399999999995
0 0.460703125 0.5277319150805271 0.318125 0.31707300000000005
0 0.6871484375 0.34475125183016103 0.62375 0.097561
