0 0.6382091875 0.524032484848485 0.054093999999999975 0.21985899999999997
0 0.178374375 0.27853784848484847 0.013158000000000003 0.075177
0 0.2758419375 0.36269296969696974 0.013888999999999985 0.066667
0 0.3002105 0.3938911515151515 0.016813000000000022 0.05531899999999998
0 0.3623501875 0.45819609090909086 0.021930000000000005 0.0581560000000001
0 0.386958625 0.3958652727272728 0.020467999999999986 0.17163099999999998
0 0.432052125 0.6025067878787879 0.035818000000000016 0.20283700000000002
0 0.4737010625 0.30452915151515153 0.019006000000000023 0.05673799999999999
0 0.5363158125 0.3040542121212121 0.011695999999999929 0.05106300000000005
0 0.582888375 0.5169082121212121 0.04459000000000002 0.17446799999999998
0 0.707876 0.517359696969697 0.03216400000000008 0.146099
0 0.7102918125 0.322993606060606 0.010234000000000076 0.09078000000000004
0 0.7439235 0.36978596969696964 0.016813000000000078 0.06524800000000004
0 0.797046625 0.3749762121212122 0.019737000000000005 0.049644999999999995
