0 0.16674344262295082 0.3486328125 0.034090999999999975 0.04125000000000001
0 0.1696380819672131 0.637265625 0.027097999999999976 0.020000000000000018
0 0.24918308196721312 0.656875 0.02622399999999999 0.06312499999999999
0 0.28644628415300544 0.6666015625 0.05244700000000002 0.09750000000000003
0 0.32517992349726776 0.6579296875 0.04545399999999998 0.06999999999999995
0 0.3845776120218579 0.6621875 0.151223 0.078125
0 0.35702980327868855 0.6556640625 0.041083999999999996 0.08187500000000003
0 0.3941256830601093 0.6579296875 0.03846199999999998 0.06999999999999995
0 0.43553940437158467 0.655078125 0.055069999999999994 0.06687500000000002
0 0.5042174480874317 0.7458203125 0.10314699999999999 0.213125
0 0.4864529617486339 0.63625 0.023601999999999977 0.03249999999999997
0 0.5277042841530055 0.643125 0.05244799999999998 0.0631250000000001
0 0.5895478032786885 0.680390625 0.04283200000000001 0.114375
0 0.6285009234972678 0.662890625 0.045454999999999905 0.08374999999999999
0 0.6834616830601093 0.6625 0.04020899999999995 0.09375
0 0.7344333224043715 0.65109375 0.030594000000000017 0.05499999999999994
0 0.7727890054644809 0.685078125 0.06905599999999999 0.12937500000000002
0 0.8087333224043716 0.6510546875 0.030594999999999976 0.06875000000000009
0 0.8269800819672132 0.46796875 0.02622399999999999 0.024375000000000036
0 0.84905356284153 0.6569140625 0.03583900000000001 0.08062500000000006
0 0.960506524590164 0.6723828125 0.057692000000000014 0.10375000000000001
