0 0.25054516666666665 0.546484375 0.44453699999999996 0.6693749999999999
0 0.13894216666666667 0.31375 0.06838999999999999 0.06312500000000004
0 0.3563770833333333 0.3187890625 0.03419500000000005 0.049375
0 0.38660541666666665 0.3140625 0.04587199999999999 0.04812499999999997
0 0.4497276666666667 0.3265625 0.052544 0.07875000000000004
0 0.5711799166666667 0.3731640625 0.18682300000000004 0.26875000000000004
0 0.74542225 0.53625 0.35362800000000005 0.595
0 0.6585411666666666 0.223359375 0.06839100000000002 0.044375
0 0.9087074166666667 0.3511328125 0.04587199999999999 0.073125
0 0.9601536666666668 0.3490625 0.05254399999999985 0.078125
