0 0.5327546875 0.39449980550774527 0.19524300000000006 0.744756
0 0.046875 0.3970040533562823 0.094153 0.20629299999999995
0 0.1156550625 0.47862946127366607 0.17443 0.27447600000000005
0 0.2614060625 0.606592321858864 0.299306 0.4510490000000001
0 0.26505737500000004 0.4227132908777969 0.07433100000000001 0.27097899999999997
0 0.34338650000000004 0.5315802994836489 0.20416199999999998 0.43181800000000004
0 0.6671610625 0.49745401721170407 0.11298300000000006 0.32517499999999994
0 0.7719541875 0.4852975060240964 0.146679 0.31643400000000005
0 0.8451488125 0.4837929724612736 0.16749200000000009 0.284965
0 0.888563875 0.42793046127366613 0.060455000000000036 0.27447600000000005
0 0.93016 0.4539914836488812 0.06342900000000007 0.293707
