0 0.0361328125 0.6007812499999999 0.0725 0.4766670000000001
0 0.119140625 0.6320312499999999 0.145625 0.5408330000000001
0 0.076484375 0.4326038333333333 0.043750000000000004 0.089167
0 0.13609375 0.62380175 0.055624999999999994 0.461667
0 0.2019921875 0.6220833333333333 0.085625 0.35500000000000015
0 0.25640625 0.6304690833333333 0.16562500000000002 0.503333
0 0.3956640625 0.5983333333333333 0.143125 0.544167
0 0.48984375 0.6308850833333334 0.11812499999999992 0.44083399999999995
0 0.572109375 0.6293746666666666 0.13812499999999994 0.428334
0 0.7030078125 0.62713575 0.135625 0.463333
