0 0.2858203125 0.8885323699059561 0.026874999999999982 0.053212999999999955
0 0.2925 0.8131085736677115 0.03250000000000003 0.04618400000000002
0 0.4172265625 0.7793399623824451 0.034999999999999976 0.06325299999999999
0 0.4216015625 0.19713375862068966 0.03374999999999995 0.07028099999999998
0 0.4313671875 0.5004911849529781 0.02312499999999995 0.025099999999999918
0 0.4486328125 0.43207275862068967 0.04125000000000001 0.07028099999999997
0 0.4466015625 0.7292111755485894 0.03375 0.04317300000000001
0 0.44875 0.7846777680250784 0.033125000000000016 0.055221
0 0.45515625 0.6634373605015674 0.04062500000000002 0.06626500000000006
0 0.453125 0.5307845642633229 0.03187499999999999 0.06124499999999995
0 0.454375 0.25228154545454545 0.033125000000000016 0.09237000000000001
0 0.45421875 0.1913543510971787 0.02437499999999998 0.08232999999999997
0 0.48 0.9174533605015673 0.033125000000000016 0.0672689999999999
0 0.4783203125 0.4544795642633229 0.026874999999999982 0.06124499999999995
0 0.4808203125 0.5248833605015674 0.026874999999999982 0.06626499999999996
0 0.48375 0.8509427680250783 0.03312499999999996 0.05622500000000011
0 0.5171484375 0.5557617680250784 0.02937500000000004 0.05421699999999998
0 0.5280078125 0.9615075642633228 0.04125000000000001 0.06124499999999995
0 0.5375 0.4658919529780564 0.03187499999999999 0.0803210000000001
0 0.5397265625 0.5869373510971787 0.034375000000000044 0.08232899999999996
0 0.5664453125 0.4660869623824451 0.02562500000000001 0.06425700000000002
0 0.6441796875 0.4445623605015674 0.038124999999999964 0.06827300000000001
0 0.6817578125 0.806888564263323 0.04125000000000001 0.06024099999999993
0 0.678125 0.4423583510971787 0.03249999999999997 0.08233000000000001
0 0.6825 0.8486891755485894 0.03187499999999999 0.04317299999999992
0 0.706953125 0.8704593699059561 0.036250000000000004 0.053212999999999955
0 0.718671875 0.8243475830721003 0.028125000000000067 0.031124000000000047
0 0.7568359375 0.8041943699059562 0.04500000000000004 0.053212999999999955
0 0.7867578125 0.746966369905956 0.04125000000000001 0.051204000000000034
0 0.9112109375 0.6481380909090909 0.14 0.18473900000000004
