0 0.07421875 0.5456281671554252 0.024374999999999994 0.07692299999999996
0 0.1144140625 0.5373037184750734 0.018125000000000002 0.08442699999999997
0 0.1365625 0.5479773724340176 0.015625 0.10225099999999993
0 0.163046875 0.5289792697947214 0.028124999999999983 0.08817999999999998
0 0.1887890625 0.5383592697947214 0.019375000000000003 0.09005699999999994
0 0.2434765625 0.6700879765395894 0.128125 0.34240199999999993
0 0.2201171875 0.548323615835777 0.023125000000000007 0.07129500000000004
0 0.3462890625 0.5433414428152492 0.019374999999999976 0.08067599999999998
0 0.369140625 0.5501996158357771 0.020625000000000004 0.07129499999999996
0 0.3951953125 0.5448077184750733 0.026874999999999982 0.08255200000000006
0 0.439921875 0.5466847184750733 0.028124999999999956 0.08255100000000007
0 0.4976953125 0.5506654105571848 0.02562500000000001 0.047841999999999996
0 0.5601171875 0.5477402697947213 0.022500000000000075 0.08818000000000006
0 0.699765625 0.5523127184750732 0.020625000000000004 0.08255200000000014
0 0.7288671875 0.5501996158357771 0.021874999999999978 0.07317100000000001
0 0.7525390625 0.5611019618768328 0.01937500000000003 0.053471000000000074
0 0.858359375 0.6502069442815249 0.13687499999999997 0.30956799999999995
0 0.98234375 0.5493801671554251 0.024375000000000036 0.07879900000000012
