0 0.150078125 0.7915927795992713 0.224375 0.4130690000000001
0 0.140078125 0.6019918306010928 0.09875 0.3850640000000001
0 0.2503515625 0.5301864389799636 0.09625 0.3208870000000001
0 0.2865625 0.39257974499089254 0.04749999999999999 0.14585799999999996
0 0.334609375 0.46173906010928967 0.07437500000000002 0.252042
0 0.3158984375 0.2934812896174863 0.029374999999999984 0.12368799999999998
0 0.3913671875 0.6080262604735883 0.179375 0.42590399999999995
0 0.41203125 0.3889942003642987 0.07187499999999997 0.17386200000000002
0 0.4671484375 0.3543858214936248 0.029374999999999984 0.10501700000000001
0 0.4941015625 0.5168660346083789 0.06624999999999998 0.266045
0 0.6739062499999999 0.6269847122040073 0.415 0.737456
0 0.5608984375 0.3382773533697632 0.06125000000000003 0.08634700000000001
0 0.90375 0.8347374389799636 0.18937499999999996 0.3232200000000001
0 0.8276953125 0.3610173023679417 0.02562500000000001 0.11435200000000004
