0 0.9096875 0.5101565833333334 0.109375 0.4883330000000001
0 0.047734375 0.4768746666666666 0.07437500000000001 0.30333400000000005
0 0.13480468750000002 0.5085934166666667 0.06999999999999999 0.45249999999999996
0 0.2048046875 0.46682291666666664 0.06937499999999999 0.279167
0 0.2496875 0.44958366666666666 0.04749999999999999 0.2716660000000001
0 0.322578125 0.42484375 0.06812499999999999 0.18083299999999994
0 0.4101171875 0.37046874999999996 0.021875000000000033 0.08666700000000001
0 0.45796875 0.5129684166666667 0.1175 0.295834
0 0.5005859375 0.43223925 0.07624999999999993 0.25999999999999995
0 0.61 0.4320312499999999 0.06437499999999996 0.16583300000000004
0 0.7345703125 0.42927050000000005 0.05812499999999998 0.17249999999999996
0 0.81921875 0.43338575 0.055625000000000036 0.2741660000000001
0 0.9665234375 0.4784371666666667 0.06062499999999993 0.3825
