0 0.078125 0.5920370257801899 0.158125 0.67854
0 0.1346484375 0.753699223880597 0.185625 0.4187659999999999
0 0.2037109375 0.6163847584803257 0.17 0.5942660000000001
0 0.26753906250000004 0.5909639837177748 0.11187499999999997 0.625543
0 0.2998046875 0.42578123880597013 0.06937500000000002 0.18158200000000002
0 0.3042578125 0.3332211194029851 0.04249999999999998 0.09035599999999998
0 0.4205859375 0.668340815468114 0.23437499999999994 0.407472
0 0.36453125 0.3450039715061058 0.040000000000000036 0.09296199999999999
0 0.40890625 0.3460656472184532 0.10249999999999998 0.19200700000000007
0 0.4626953125 0.6235439633649932 0.11999999999999994 0.4066030000000001
0 0.495234375 0.4251328507462686 0.10624999999999996 0.3883580000000001
0 0.5980078125 0.4780500827679783 0.10375000000000001 0.495222
0 0.68078125 0.46218630800542737 0.13437500000000002 0.5291060000000001
0 0.8166796875 0.632656617367707 0.25625 0.669852
0 0.785 0.2618724559023066 0.188125 0.524761
0 0.89546875 0.15654757666214383 0.05499999999999994 0.22936499999999999
0 0.9521484375 0.6377515468113975 0.09312500000000001 0.70808
0 0.9416796875 0.1074378236092266 0.03875000000000006 0.096438
