0 0.3096484375 0.2859074919472913 0.09250000000000003 0.37711100000000003
0 0.033203125 0.3591398726207906 0.0675 0.47561000000000003
0 0.1119140625 0.46954497657393846 0.14375000000000002 0.36491500000000004
0 0.14015624999999998 0.1745194421669107 0.07062500000000001 0.148218
0 0.232734375 0.4626362035139092 0.23062500000000002 0.34803
0 0.2098828125 0.17557169985358712 0.07312500000000002 0.153846
0 0.2019921875 0.3124443806734993 0.05374999999999999 0.10037499999999996
0 0.25894531249999997 0.17346718448023427 0.05750000000000002 0.140713
0 0.4572265625 0.49377655929721814 0.221875 0.3320830000000001
0 0.4813671875 0.41025111713030743 0.241875 0.18667899999999996
0 0.6940625 0.295788682284041 0.61 0.424953
0 0.7094921875 0.4822037247437775 0.271875 0.26923100000000005
0 0.7440625 0.39398828257686674 0.171875 0.12288899999999997
0 0.92125 0.5520518169838945 0.15625 0.33864900000000003
0 0.949453125 0.3985208653001464 0.09875 0.08911799999999999
