0 0.1712890625 0.6180489197080291 0.080625 0.34267
0 0.3353125 0.5848647591240876 0.04749999999999999 0.22595699999999994
0 0.385078125 0.6009898394160584 0.09812500000000002 0.2847800000000001
0 0.40703125 0.5584166569343066 0.03937499999999999 0.18767499999999998
0 0.4536328125 0.6090220510948906 0.04250000000000004 0.22128899999999993
0 0.4730078125 0.4928939562043796 0.011249999999999982 0.042016000000000074
0 0.4916796875 0.6016707591240875 0.038124999999999964 0.2259570000000001
0 0.5048828125 0.5796699051094891 0.04249999999999998 0.224089
0 0.5440625 0.5951504233576642 0.04874999999999996 0.2717079999999999
0 0.5331640625 0.5990404890510949 0.01937499999999992 0.21195100000000003
0 0.6046484375 0.6002109051094889 0.02937500000000004 0.2222230000000001
0 0.63421875 0.6126530072992701 0.05499999999999994 0.260505
0 0.652421875 0.6070363430656934 0.028124999999999956 0.21381900000000004
0 0.686875 0.6331429854014599 0.0625 0.2829129999999999
0 0.7490234375 0.6093625109489051 0.02937500000000004 0.19140999999999994
0 0.7673828125 0.5375932481751825 0.010624999999999996 0.036414000000000044
0 0.785 0.6271338394160584 0.03312499999999996 0.2857139999999999
0 0.8069921875 0.5056098321167883 0.022499999999999964 0.02427599999999997
0 0.8139453125 0.6044050729927007 0.026874999999999982 0.19888
0 0.844609375 0.6263028832116788 0.04437500000000005 0.24463199999999993
0 0.8703125 0.6245399270072992 0.015625 0.20168
0 0.890703125 0.6283406131386862 0.03562499999999991 0.22782499999999986
0 0.9223046875 0.6218566350364964 0.038124999999999964 0.20915099999999992
