0 0.5504920566959922 0.5765625 0.17948799999999998 0.266875
0 0.021347307917888563 0.6892578125 0.035648 0.0737500000000001
0 0.1635847908113392 0.683125 0.034395999999999996 0.09562500000000007
0 0.24597872238514173 0.87328125 0.025640999999999962 0.03937499999999994
0 0.2922203421309873 0.8841796875 0.03939999999999999 0.07000000000000006
0 0.4371959276637341 0.916640625 0.049406000000000026 0.05125000000000002
0 0.47483534213098727 0.8534765625 0.03939900000000002 0.06499999999999995
0 0.47878179081133926 0.9115234375 0.03439599999999997 0.06125000000000003
0 0.5083692394916911 0.878984375 0.027517000000000024 0.07499999999999996
0 0.5538287908113393 0.8960546875 0.03439599999999997 0.06875000000000009
0 0.6366168934506353 0.84546875 0.04627900000000015 0.11812500000000004
0 0.7755434750733138 0.8353125 0.11256999999999995 0.07874999999999999
0 0.8252061368523949 0.4212890625 0.016885000000000146 0.050000000000000044
0 0.8648786197458456 0.421171875 0.01563499999999998 0.06000000000000005
0 0.9434894447702834 0.7932421875 0.05128200000000015 0.05312499999999998
0 0.9712372737047898 0.5988671875 0.03252100000000005 0.08562499999999995
