0 0.8960546875 0.8965919882869693 0.06875000000000009 0.18292699999999992
0 0.18359375 0.8559044978038067 0.36875 0.285178
0 0.4227734375 0.7548449516837481 0.62375 0.25046899999999994
0 0.290625 0.9038684729136164 0.15625000000000003 0.17167000000000007
0 0.5017968749999999 0.8761201229868228 0.02812500000000001 0.09380900000000002
0 0.66109375 0.8532643499267936 0.024374999999999925 0.07879900000000012
0 0.736171875 0.7316109633967789 0.028124999999999956 0.06754199999999994
0 0.79390625 0.8894556998535871 0.1343749999999999 0.153846
0 0.7681640625 0.7190741903367497 0.01937500000000003 0.05159499999999995
0 0.8390234375 0.7651025710102489 0.09312500000000001 0.15196999999999988
0 0.9101171875 0.8247372035139092 0.17812499999999998 0.3470919999999999
