0 0.0732421875 0.3134706998535871 0.148125 0.153846
0 0.0178515625 0.30997215373352854 0.034374999999999996 0.11726099999999998
0 0.0191015625 0.46194215373352854 0.034374999999999996 0.11913700000000006
0 0.0530859375 0.14708692679355784 0.04625 0.135085
0 0.0719140625 0.452491055636896 0.080625 0.13883700000000007
0 0.061015625 0.2947086998535871 0.05125 0.153846
0 0.101015625 0.13143754026354318 0.05249999999999999 0.128518
0 0.1309765625 0.4384642152269399 0.065 0.1641650000000001
0 0.42515625 0.5276202298682284 0.634375 0.939963
0 0.1680859375 0.13079815373352854 0.044999999999999984 0.11913700000000002
0 0.4163671875 0.14348462664714495 0.17937499999999995 0.289869
0 0.6465625 0.11127379209370425 0.14125 0.224203
0 0.93625 0.10248901903367497 0.125625 0.205441
