0 0.0520703125 0.7572817364568082 0.025625000000000002 0.08724200000000004
0 0.0905078125 0.7775769633967788 0.042499999999999996 0.06754300000000008
0 0.1556640625 0.7788836749633968 0.019375000000000003 0.040337999999999936
0 0.17296875 0.7811715461200586 0.024375000000000008 0.036586000000000035
0 0.2648828125 0.7792878286969253 0.04125000000000001 0.15572200000000003
0 0.3467578125 0.781005411420205 0.04250000000000004 0.12476599999999997
0 0.4492578125 0.770028803806735 0.011249999999999982 0.04221400000000006
0 0.653671875 0.8185725710102488 0.028124999999999956 0.1500940000000001
0 0.693984375 0.8237896998535872 0.04312499999999997 0.1538460000000001
0 0.7803125 0.7946904787701318 0.016249999999999987 0.07973799999999999
0 0.8638671875 0.7840998038067349 0.021874999999999978 0.04221400000000006
