0 0.7694921875 0.8337131226611226 0.053749999999999964 0.24900100000000008
0 0.0204296875 0.8700861164241165 0.0375 0.23435399999999995
0 0.07328124999999999 0.8662541205821206 0.070625 0.24234400000000006
0 0.1178125 0.8475191351351351 0.04875 0.27030599999999994
0 0.1764453125 0.8537561413721414 0.057499999999999996 0.28628400000000004
0 0.2384375 0.8537561413721414 0.079375 0.28628400000000004
0 0.2891015625 0.8455091517671517 0.06562499999999999 0.3049260000000001
0 0.3494140625 0.8478451434511435 0.08124999999999999 0.28761699999999996
0 0.8186328125 0.8434301496881496 0.041874999999999996 0.300932
0 0.86734375 0.8316091538461539 0.05625000000000002 0.310253
0 0.9328125 0.7592591933471933 0.04874999999999996 0.390147
