0 0.6075 0.5756249999999999 0.15749999999999997 0.656667
0 0.076171875 0.5344791666666667 0.1525 0.22583300000000003
0 0.070703125 0.37333333333333335 0.09937499999999999 0.29166700000000007
0 0.1529296875 0.4387503333333333 0.037500000000000006 0.10500000000000005
0 0.208984375 0.5378121666666668 0.106875 0.224167
0 0.26375000000000004 0.446667 0.09562499999999999 0.376666
0 0.34671875 0.5541142499999999 0.18062499999999998 0.6016670000000001
0 0.431171875 0.5205208333333333 0.12125000000000002 0.5283329999999999
0 0.4955078125 0.5220309166666667 0.07250000000000001 0.24833400000000005
0 0.71953125 0.5283333333333333 0.13312500000000005 0.16833300000000007
0 0.8125390625 0.5215100833333334 0.17437500000000006 0.473334
0 0.7976953125 0.3796350833333333 0.05812499999999998 0.2550000000000001
0 0.93 0.5129166666666667 0.09562499999999996 0.14750000000000005
0 0.9786328125 0.5524996666666667 0.04125000000000001 0.20833399999999994
0 0.98671875 0.4067708333333333 0.024375000000000036 0.21416700000000008
