0 0.363984375 0.38988329411764705 0.013124999999999998 0.027306999999999998
0 0.37484375 0.3718645294117647 0.024375000000000036 0.06967999999999999
0 0.3930859375 0.3928244705882353 0.014375000000000027 0.03484000000000006
0 0.398359375 0.82161 0.012500000000000011 0.051789000000000085
0 0.4362890625 0.39877070588235297 0.018125000000000002 0.026365000000000006
0 0.4585546875 0.3780441176470588 0.03749999999999998 0.07062100000000003
0 0.45015625 0.7590505882352941 0.008750000000000036 0.05367199999999992
0 0.4523828125 0.770763 0.010000000000000009 0.05084700000000001
0 0.4769140625 0.39135388235294116 0.018125000000000002 0.031072999999999993
0 0.48265625 0.728802411764706 0.00874999999999998 0.04990600000000009
0 0.5090625 0.8174305882352941 0.016874999999999973 0.055556000000000064
0 0.50578125 0.7392765882352942 0.008750000000000036 0.054613999999999906
0 0.5190625 0.8306135882352942 0.016874999999999973 0.05367199999999992
0 0.5237109375 0.7722335882352941 0.01375000000000004 0.054613999999999996
0 0.5334375 0.836263588235294 0.015625 0.055555000000000083
0 0.5530078125 0.7197988235294118 0.011249999999999982 0.046138999999999944
0 0.591484375 0.7936582352941176 0.013125000000000053 0.04237300000000011
0 0.6061328125 0.7997206470588236 0.011250000000000093 0.04048899999999996
0 0.687734375 0.801423588235294 0.011874999999999969 0.05461400000000016
