0 0.4840234375 0.5972913333333333 0.06125000000000003 0.20000000000000004
0 0.284921875 0.545833 0.028749999999999998 0.126667
0 0.3087890625 0.49656216666666664 0.01874999999999999 0.038334000000000014
0 0.4411328125 0.4997395833333333 0.011249999999999982 0.05000000000000012
0 0.4643359375 0.4919270833333333 0.013749999999999984 0.035000000000000066
0 0.516875 0.5589065833333333 0.03249999999999997 0.17500000000000004
0 0.53046875 0.5298958333333333 0.023749999999999938 0.12000000000000004
0 0.5699609375 0.5537500000000001 0.04625000000000001 0.188333
0 0.641171875 0.50963575 0.028750000000000053 0.088333
0 0.6676953125 0.5196357500000001 0.026249999999999996 0.08666599999999991
0 0.750078125 0.5708336666666667 0.036250000000000004 0.20999999999999996
0 0.97109375 0.6496875 0.05500000000000005 0.3616670000000001
