0 0.87046875 0.20974403298350824 0.15000000000000002 0.264169
0 0.1839453125 0.7117405427286357 0.15125 0.34390000000000004
0 0.5196484375 0.5603378290854573 0.779375 0.6340060000000001
0 0.209140625 0.49932804197901043 0.145 0.33717600000000003
0 0.4007421875 0.6348472893553224 0.11562499999999998 0.31700199999999995
0 0.41734375 0.3966142893553224 0.1175 0.315082
0 0.5712890625 0.6459795337331334 0.17500000000000004 0.271854
0 0.6196484375 0.37581353223388303 0.12437500000000001 0.2603270000000001
0 0.657109375 0.1696417691154423 0.07562500000000005 0.15561899999999998
0 0.7789453125 0.6813510449775113 0.18312499999999998 0.36022999999999994
0 0.83125 0.5113490389805097 0.15625 0.313161
