0 0.01171875 0.5813076691068814 0.025 0.13133200000000006
0 0.100703125 0.7319363016105417 0.193125 0.3264540000000001
0 0.1007421875 0.6275895036603222 0.115625 0.19418400000000002
0 0.1031640625 0.5428456691068815 0.05 0.13133199999999998
0 0.1958984375 0.5012538345534406 0.03 0.06566600000000007
0 0.2075390625 0.5541286076134699 0.049375 0.08349000000000005
0 0.2430859375 0.7427554919472914 0.10750000000000001 0.37711100000000003
0 0.2816015625 0.5366473806734993 0.06562499999999999 0.10131299999999999
0 0.3147265625 0.5251618653001464 0.034375000000000044 0.09005699999999994
0 0.4096484375 0.7177692650073207 0.15499999999999997 0.393996
0 0.3603125 0.5163069941434846 0.04812500000000003 0.09287100000000004
0 0.4287890625 0.52223360761347 0.04999999999999999 0.082552
0 0.4678125 0.5181829941434847 0.04749999999999999 0.090995
0 0.5019140625 0.4737070614934114 0.01874999999999999 0.049719000000000006
0 0.528671875 0.5104504787701317 0.05999999999999994 0.08067599999999996
0 0.583671875 0.6690152035139092 0.09125000000000005 0.3461539999999999
0 0.6701953125 0.6539178843338214 0.12062499999999998 0.294559
0 0.679765625 0.4619863133235725 0.05249999999999999 0.144465
0 0.7816015625 0.630351626647145 0.06625000000000003 0.28799199999999997
0 0.8521875 0.6261425959004392 0.078125 0.263603
0 0.91234375 0.5922583382137628 0.05625000000000002 0.257973
0 0.9731640625 0.5746887920937043 0.05062500000000003 0.22326400000000007
