0 0.74859375 0.6956915549738221 0.08687500000000004 0.276613
0 0.0255078125 0.2911913246073298 0.0425 0.12405699999999997
0 0.07609375 0.4546768376963351 0.05499999999999999 0.18943799999999994
0 0.2348828125 0.2874712251308901 0.04124999999999998 0.12573299999999996
0 0.2755859375 0.2788826230366492 0.044999999999999984 0.11651299999999999
0 0.289765625 0.49520764921465965 0.05249999999999999 0.248114
0 0.32125 0.28930872251308903 0.03187500000000004 0.11399799999999996
0 0.351796875 0.41727883246073305 0.08999999999999997 0.16429199999999994
0 0.3530078125 0.2917199214659686 0.04125000000000001 0.10896899999999997
0 0.6771875 0.1505235602094241 0.6425000000000001 0.30176
0 0.46484375 0.6839691465968586 0.18125000000000002 0.23386399999999993
0 0.3998046875 0.2999414240837696 0.03750000000000003 0.12070400000000002
0 0.444296875 0.5610469581151832 0.09000000000000002 0.2908629999999999
0 0.4930078125 0.48155753403141366 0.04250000000000004 0.170998
0 0.5189453125 0.5051764397905759 0.057499999999999996 0.19949699999999998
0 0.6849609375 0.5624693193717277 0.23250000000000004 0.59933
0 0.8857421875 0.38516253403141365 0.053749999999999964 0.17099699999999998
0 0.9230078125 0.40161713089005235 0.04249999999999998 0.15507200000000002
0 0.9273828125 0.4931771413612565 0.041874999999999996 0.207041
0 0.9621875 0.47727732460732986 0.04749999999999999 0.12405699999999997
0 0.984296875 0.39486702617801045 0.028750000000000053 0.13243900000000003
