0 0.0615625 0.4647397188872621 0.07875000000000001 0.357411
0 0.0205078125 0.47868795754026355 0.0425 0.15853600000000004
0 0.11859375 0.3522744729136164 0.056249999999999994 0.170731
0 0.2531640625 0.6230846456808199 0.080625 0.4943710000000001
0 0.33453125 0.8152861054172768 0.16562500000000002 0.3667919999999999
0 0.410234375 0.5584699033674962 0.07437500000000002 0.5
0 0.4723828125 0.5254535475841874 0.07374999999999998 0.513133
0 0.5275390625 0.451650878477306 0.08187499999999998 0.38461499999999993
0 0.5268359375 0.6502185475841874 0.07687500000000003 0.5140719999999999
0 0.5332421875 0.5643264187408491 0.085625 0.511258
0 0.6049609375 0.6479748360175694 0.10875000000000001 0.5440900000000001
0 0.7083203125 0.5075517320644216 0.15125 0.6557219999999999
0 0.801875 0.7019450263543192 0.125625 0.5928709999999999
0 0.9612109375 0.7565902591508054 0.07625000000000004 0.48405299999999984
