0 0.3139453125 0.6590104166666667 0.05687500000000001 0.13916700000000004
0 0.044687500000000005 0.45984374999999994 0.046875 0.0558330000000001
0 0.1177734375 0.51494825 0.06062500000000001 0.10166600000000003
0 0.1690625 0.54786425 0.07874999999999999 0.16499999999999995
0 0.23578125 0.4188017499999999 0.03999999999999998 0.08666700000000012
0 0.2582421875 0.5465621666666667 0.08437499999999998 0.163334
0 0.3275390625 0.5037496666666667 0.050000000000000044 0.14666699999999996
0 0.4562890625 0.46416666666666667 0.050624999999999976 0.08583300000000005
0 0.4962109375 0.6444791666666666 0.04500000000000004 0.10000000000000002
0 0.498828125 0.4601038333333333 0.03624999999999995 0.09083400000000001
0 0.5730078125 0.63661425 0.04249999999999998 0.10166699999999995
0 0.6398828125 0.6357288333333334 0.04249999999999998 0.12083399999999996
0 0.7017578125 0.6312503333333334 0.04249999999999998 0.10499999999999998
0 0.7503125 0.6325524166666666 0.04749999999999999 0.10833300000000001
0 0.8005859375 0.641667 0.04562500000000003 0.12583299999999994
0 0.8559375 0.6301565833333332 0.04812499999999997 0.11333300000000006
