0 0.0387890625 0.1344441111111111 0.05 0.22555599999999998
0 0.0861328125 0.11631944444444445 0.073125 0.234444
0 0.1234765625 0.1076388888888889 0.03437499999999999 0.216667
0 0.1567578125 0.14381977777777777 0.041874999999999996 0.277777
0 0.2099609375 0.125 0.076875 0.253333
0 0.27 0.12152777777777778 0.06250000000000003 0.244444
0 0.370546875 0.09375 0.06 0.188889
0 0.4365625 0.10111155555555557 0.04874999999999996 0.11444399999999999
0 0.480234375 0.0954861111111111 0.043749999999999956 0.193333
0 0.5240234375 0.13020833333333334 0.06125000000000003 0.262222
0 0.568125 0.08854166666666667 0.03187499999999999 0.18
0 0.61046875 0.13368055555555555 0.05625000000000002 0.268889
0 0.663984375 0.11805555555555555 0.04437500000000005 0.236667
0 0.69734375 0.0625 0.024374999999999925 0.125556
0 0.774609375 0.10243055555555555 0.10624999999999996 0.205556
0 0.888046875 0.2170138888888889 0.08999999999999997 0.435556
0 0.9575390625 0.3524305555555556 0.08187500000000003 0.706667
