0 0.703515625 0.6967125827900913 0.08374999999999999 0.387823
0 0.417890625 0.6785566597131681 0.6775 0.5404500000000001
0 0.2665625 0.7080424667535854 0.016250000000000042 0.019181999999999956
0 0.4701953125 0.7790895058670143 0.05687500000000001 0.2343619999999999
0 0.5809375 0.7233236192959583 0.015625 0.05337799999999999
0 0.5974609375 0.8096698578878747 0.04500000000000004 0.1567970000000001
0 0.5923828125 0.695378371577575 0.010624999999999996 0.033360999999999884
0 0.6066015625 0.7738638865710562 0.03500000000000003 0.18181799999999992
0 0.62 0.7672013820078226 0.03249999999999997 0.221852
0 0.755625 0.801186258148631 0.06312499999999999 0.21184299999999995
0 0.87609375 0.7469552112125162 0.11875000000000002 0.35696500000000014
0 0.9731640625 0.7615650104302477 0.05062500000000003 0.190992
