0 0.09765625 0.7176741167883212 0.195625 0.5592910000000001
0 0.079609375 0.8204921897810219 0.136875 0.3566760000000001
0 0.1956640625 0.6679290072992702 0.3625 0.661064
0 0.128671875 0.7929327226277372 0.028124999999999997 0.12605
0 0.1738671875 0.8167571897810219 0.084375 0.3585440000000001
0 0.4176953125 0.9304241386861315 0.08875 0.13725500000000002
0 0.4289453125 0.7920507445255475 0.02562500000000001 0.10737599999999987
0 0.4758203125 0.8666583649635037 0.08812500000000001 0.19514499999999993
0 0.456796875 0.7508490364963504 0.02812500000000001 0.101774
0 0.4866015625 0.7280318905109489 0.034375000000000044 0.10457600000000003
0 0.528125 0.8436264963503649 0.03312500000000007 0.070962
0 0.569375 0.7993212919708029 0.0625 0.39682500000000004
0 0.6462890625 0.6930056350364963 0.14375000000000004 0.6097100000000001
0 0.8171484375 0.6728864452554745 0.24812500000000004 0.6517270000000001
0 0.7818359375 0.6616304233576642 0.17062500000000003 0.6732020000000001
0 0.9476171875 0.7436847445255474 0.053749999999999964 0.507936
0 0.9677734375 0.703854510948905 0.06187500000000001 0.5901020000000001
