0 0.01953125 0.07942708333333333 0.039375 0.160833
0 0.23234375 0.5983854166666667 0.08625000000000002 0.2325
0 0.3612890625 0.6482295 0.11250000000000004 0.205
0 0.43375 0.5952083333333333 0.06312499999999999 0.13583299999999995
0 0.4778125 0.6736975833333334 0.08000000000000007 0.20666699999999993
0 0.51265625 0.5581770833333334 0.10312499999999997 0.098333
0 0.5646484375 0.6883336666666667 0.09187499999999993 0.20999999999999996
0 0.5724609375 0.55973925 0.07624999999999993 0.13416699999999993
0 0.63265625 0.6584378333333333 0.10187499999999994 0.215
0 0.6658203125 0.5584375 0.0893750000000001 0.17250000000000001
0 0.73078125 0.6619274166666668 0.1343749999999999 0.2016659999999999
0 0.7452734375 0.573125 0.09312500000000001 0.15666700000000003
0 0.9759375 0.17671908333333333 0.046875 0.19083300000000003
