0 0.0966015625 0.5734375 0.128125 0.140625
0 0.2339453125 0.5233984375 0.3075 0.31124999999999997
0 0.523046875 0.545859375 0.40312499999999996 0.355625
0 0.383046875 0.790546875 0.02749999999999997 0.09062500000000007
0 0.8077734375 0.573359375 0.249375 0.38812499999999994
0 0.731796875 0.724375 0.028749999999999942 0.09375
0 0.849609375 0.8427734375 0.04437500000000005 0.09312500000000001
0 0.9110546875 0.731328125 0.03875000000000006 0.06812499999999999
0 0.91328125 0.7855859375 0.03937499999999994 0.07687499999999992
0 0.909296875 0.6881640625 0.02749999999999997 0.04937500000000006
0 0.97546875 0.687109375 0.024375000000000036 0.07499999999999996
0 0.9820703125 0.77765625 0.02562500000000001 0.07124999999999992
