0 0.109375 0.5423295401459853 0.22 0.43137299999999995
0 0.1009765625 0.4673874890510949 0.0975 0.211018
0 0.114453125 0.3978560145985402 0.036875000000000005 0.120448
0 0.245 0.5635004379562043 0.25 0.393091
0 0.2240625 0.40712632846715324 0.048750000000000016 0.09617200000000006
0 0.28117187499999996 0.43357343065693427 0.09 0.13258699999999998
0 0.3827734375 0.4977039635036497 0.12437500000000001 0.30252099999999993
0 0.5909375 0.19124087591240876 0.391875 0.383754
0 0.439765625 0.40559978832116794 0.05125000000000002 0.06535899999999996
0 0.4937890625 0.4189602262773722 0.050000000000000044 0.056956
0 0.500390625 0.35811416058394163 0.05125000000000002 0.11858099999999998
0 0.75046875 0.5181419197080293 0.49312500000000004 0.34267
0 0.5469921875 0.3903193284671533 0.05312499999999998 0.09523799999999998
0 0.6329296875 0.3341119343065693 0.03749999999999998 0.06255799999999999
0 0.787265625 0.4062893430656934 0.05249999999999999 0.21568600000000002
0 0.81609375 0.39836017518248173 0.08625000000000005 0.239029
0 0.913984375 0.46397828467153285 0.16875000000000007 0.13445399999999996
0 0.869140625 0.415055496350365 0.05125000000000002 0.07282899999999996
0 0.9791796875 0.4682911605839416 0.03875000000000006 0.119515
