0 0.844375 0.3612496666666667 0.0625 0.14833400000000005
0 0.0673828125 0.7234375000000001 0.135625 0.5491670000000001
0 0.4990234375 0.5923440833333333 0.999375 0.596666
0 0.0230078125 0.38661491666666664 0.041249999999999995 0.18500000000000005
0 0.1028125 0.47953125 0.141875 0.1658329999999999
0 0.3057421875 0.1769788333333333 0.521875 0.057500000000000016
0 0.0755859375 0.3633854166666666 0.045000000000000005 0.10833300000000001
0 0.4622265625 0.8829163333333333 0.285 0.23083400000000007
0 0.514609375 0.23567675 0.011874999999999969 0.05666700000000002
0 0.5550390625 0.23869825 0.01937500000000003 0.04083300000000001
0 0.58765625 0.23546841666666665 0.008750000000000036 0.04583400000000001
0 0.59390625 0.23406216666666668 0.008125000000000049 0.03749999999999994
0 0.7624609375 0.7631770833333333 0.23375 0.47166700000000006
0 0.7765625 0.16567675 0.14249999999999996 0.055000000000000014
0 0.7521484375 0.31822883333333335 0.029999999999999916 0.12083399999999996
0 0.941640625 0.13203125000000002 0.114375 0.04
