0 0.07613281250000001 0.6407809411764706 0.135625 0.7156299999999999
0 0.1809765625 0.5616458823529411 0.09625 0.38229700000000005
0 0.238046875 0.5170324117647059 0.02812500000000001 0.14877600000000002
0 0.3816015625 0.6579728823529412 0.16000000000000003 0.6807909999999999
0 0.4877734375 0.5479564705882353 0.06125000000000003 0.28342700000000004
0 0.5397265625 0.5502518823529412 0.06500000000000006 0.27966099999999994
0 0.582890625 0.5620688823529412 0.083125 0.32956699999999994
0 0.6437109375 0.5690094117647059 0.07687500000000003 0.34934099999999996
0 0.690390625 0.593131294117647 0.083125 0.37664800000000004
0 0.74984375 0.6004736470588234 0.08750000000000002 0.440678
0 0.8468359375 0.6194112352941177 0.10750000000000004 0.4924669999999999
0 0.9587890625 0.6322225294117648 0.08062500000000006 0.567797
