0 0.05124450951683748 0.5290234375 0.104128 0.374375
0 0.10535589604685212 0.3095703125 0.11256999999999999 0.05812499999999998
0 0.10853760761347 0.4593359375 0.08255199999999999 0.264375
0 0.20233789019033674 0.53375 0.20262699999999995 0.40687500000000004
0 0.20291689604685212 0.31359375 0.11257000000000003 0.05625000000000002
0 0.3822146573938506 0.5228125 0.31238299999999997 0.421875
0 0.6689451054172767 0.657421875 0.36866800000000005 0.30937499999999996
0 0.7960413499267935 0.360859375 0.07879899999999995 0.075625
0 0.8420515095168375 0.529921875 0.10506500000000006 0.34125000000000005
0 0.9096117306002929 0.59765625 0.17729799999999993 0.41500000000000004
0 0.8881577057101026 0.3844921875 0.061913999999999914 0.05437499999999995
0 0.9782838038067351 0.581015625 0.041275999999999834 0.36500000000000005
