0 0.7667578125 0.5640104705882353 0.385 0.8333340000000001
0 0.25453125 0.5502244117647059 0.478125 0.8973629999999999
0 0.3916015625 0.5479280000000001 0.31499999999999995 0.9011299999999999
0 0.2622265625 0.4001552352941176 0.033749999999999974 0.142184
0 0.2962109375 0.3348347058823529 0.044999999999999984 0.126177
0 0.3471875 0.2934248823529412 0.01687500000000003 0.031073999999999977
0 0.5084765625000001 0.3304335294117647 0.03437499999999999 0.06779699999999998
0 0.5616796875 0.3377864705882353 0.038125000000000075 0.08474599999999997
0 0.622890625 0.5716073529411765 0.14625 0.812618
0 0.893359375 0.3954028823529412 0.16937500000000005 0.33050799999999997
0 0.93015625 0.3623740588235294 0.040000000000000036 0.13653499999999993
0 0.973515625 0.361347 0.05125000000000002 0.251412
