0 0.476562125 0.658203125 0.06640700000000005 0.38281200000000004
0 0.130859 0.5585932499999999 0.03125 0.16406300000000001
0 0.181640375 0.62499975 0.10546900000000001 0.24218800000000007
0 0.185546625 0.685547125 0.113282 0.35156199999999993
0 0.2705078125 0.587890375 0.041016 0.20312499999999994
0 0.300781 0.576171875 0.03320299999999998 0.15234400000000003
0 0.61718775 0.6171875 0.05663999999999991 0.328125
0 0.6435550625 0.5820315 0.050780999999999965 0.17578100000000002
0 0.724609375 0.619140125 0.042969000000000035 0.222657
0 0.888672 0.714844 0.09570299999999998 0.37890599999999997
