0 0.06640631250000001 0.47870772687224666 0.056641000000000004 0.17914800000000003
0 0.094726125 0.41850214831130694 0.03515700000000001 0.07782699999999998
0 0.152343375 0.4464018634361233 0.043945999999999985 0.08810599999999998
0 0.215820625 0.6637301732745962 0.146484 0.427312
0 0.203124625 0.4464024331864904 0.050781999999999994 0.06607900000000008
0 0.254882375 0.5403817283406754 0.07421899999999998 0.19823800000000005
0 0.245117 0.433186718061674 0.03320300000000001 0.05579999999999999
0 0.292969 0.4375921468428781 0.03125 0.05873699999999996
0 0.329102 0.456681718061674 0.03125 0.05433199999999999
0 0.366211 0.45374414684287817 0.03222599999999998 0.05580099999999997
0 0.54199175 0.5682824478707782 0.33593799999999996 0.271659
0 0.738281125 0.6196767679882526 0.16113299999999997 0.751836
0 0.828124875 0.5814977738619677 0.24609400000000003 0.8340679999999998
