0 0.0602041875 0.726263238410596 0.08443700000000001 0.393258
0 0.489250875 0.5311217814569537 0.903974 0.7275280000000001
0 0.1614953125 0.7431172384105961 0.089404 0.3932579999999999
0 0.25730837500000003 0.7161806092715233 0.076159 0.3904489999999999
0 0.3476889375 0.7204963841059603 0.077814 0.40730299999999997
0 0.4385795625 0.7209986423841059 0.09602699999999997 0.41573000000000004
0 0.5421219374999999 0.7060605165562914 0.10761499999999996 0.5140449999999999
0 0.64230675 0.7090558344370861 0.08609199999999995 0.370786
0 0.754126125 0.7256121258278145 0.09768200000000005 0.40168500000000007
0 0.8563938125 0.709409238410596 0.10430399999999995 0.3932579999999999
0 0.9385795625 0.711864834437086 0.09602700000000008 0.3679770000000001
