0 0.005859375 0.2123894744525547 0.013125 0.09056900000000001
0 0.4296875 0.2934306569343066 0.859375 0.588235
0 0.0138671875 0.46500066423357667 0.023125 0.04855299999999999
0 0.018320312499999998 0.17864210218978102 0.026875000000000003 0.040149000000000004
0 0.021249999999999998 0.22860293430656936 0.031875 0.06349199999999995
0 0.0270703125 0.2602302262773723 0.026875000000000003 0.05602199999999999
0 0.0384765625 0.3306143503649635 0.035 0.07469599999999997
0 0.0338671875 0.4556636642335767 0.023125 0.04761899999999999
0 0.042851562499999996 0.08786501459854014 0.034375 0.12044800000000001
0 0.039765625 0.1796938102189781 0.020000000000000004 0.04575200000000002
0 0.0633984375 0.18302166423357663 0.03 0.04855300000000001
0 0.0721875 0.49181955474452554 0.0475 0.15126000000000003
0 0.06171875 0.2392810802919708 0.024374999999999994 0.058824000000000015
0 0.0675 0.3479982262773723 0.03312500000000001 0.056022999999999996
0 0.07375000000000001 0.09095545255474452 0.033124999999999995 0.111111
0 0.07472656250000001 0.26151935036496354 0.034374999999999996 0.07469699999999999
0 0.0731640625 0.29832683211678834 0.018125000000000002 0.02427599999999997
0 0.0904296875 0.40198349635036495 0.037500000000000006 0.070962
0 0.0932421875 0.05948322627737226 0.023124999999999993 0.056956
0 0.0957421875 0.3486948102189781 0.02187499999999999 0.043885000000000014
0 0.1014453125 0.19008351824817518 0.02687500000000001 0.05042
0 0.103671875 0.27359066423357664 0.028124999999999997 0.04761900000000003
0 0.1160546875 0.305811496350365 0.037500000000000006 0.072829
0 0.1208203125 0.40986064233576647 0.02687500000000001 0.06909399999999999
0 0.12625 0.09428230656934307 0.03312499999999999 0.11671400000000001
0 0.13277343749999998 0.231114496350365 0.030625 0.070962
0 0.14058593749999998 0.4413172043795621 0.045 0.07656399999999995
0 0.1384765625 0.1863485182481752 0.03499999999999999 0.05041999999999998
0 0.1476953125 0.2860847883211679 0.026874999999999982 0.066293
0 0.1514453125 0.236532102189781 0.02562499999999998 0.040149000000000025
0 0.1514453125 0.35074820437956206 0.026874999999999982 0.07843099999999996
0 0.1614453125 0.09153332846715327 0.02687500000000001 0.09617200000000002
0 0.1651171875 0.4017460802919708 0.022499999999999992 0.058823999999999974
0 0.18296875 0.5147397445255474 0.056249999999999994 0.10550900000000007
0 0.1765234375 0.4300465182481752 0.029375000000000012 0.05135400000000005
0 0.180703125 0.31806820437956207 0.03562500000000002 0.078431
0 0.174140625 0.1936998102189781 0.020625000000000004 0.04575199999999998
0 0.184453125 0.09224457664233576 0.03687499999999999 0.129785
0 0.189296875 0.3461312262773723 0.028124999999999983 0.057890000000000004
0 0.1989453125 0.19008351824817518 0.02687500000000001 0.05228799999999997
0 0.206171875 0.4531000802919708 0.028124999999999983 0.05975699999999997
0 0.2071484375 0.38592510218978104 0.030624999999999986 0.038281999999999976
0 0.2166015625 0.5245359124087591 0.034999999999999976 0.08216600000000006
0 0.2132421875 0.2486180802919708 0.02312499999999998 0.06069100000000002
0 0.2210546875 0.32058076642335764 0.03874999999999998 0.08683400000000001
0 0.230546875 0.3597290802919708 0.028124999999999983 0.06069099999999998
0 0.4526171875 0.13117113868613137 0.45999999999999996 0.13725500000000002
0 0.2408203125 0.23776920437956203 0.02562499999999998 0.076564
0 0.2408203125 0.39357949635036493 0.02562499999999998 0.07096200000000004
0 0.2408203125 0.47119620437956206 0.02687500000000001 0.078431
0 0.2515625 0.3281017883211679 0.015625000000000028 0.06536000000000002
0 0.2734375 0.5211570364963504 0.04749999999999999 0.09990699999999995
0 0.2632421875 0.45624154014598545 0.021874999999999978 0.029878999999999968
0 0.269375 0.3479982262773723 0.03125 0.056022999999999996
0 0.268671875 0.2606373722627738 0.02749999999999997 0.05415499999999998
0 0.269140625 0.40758549635036495 0.019999999999999962 0.07096199999999996
0 0.283359375 0.2933840583941606 0.04312499999999997 0.08029899999999997
0 0.2918359375 0.44026549635036494 0.04625000000000001 0.07096100000000004
0 0.408515625 0.739074795620438 0.26999999999999996 0.32493000000000005
0 0.28734375 0.3251820802919708 0.02437499999999998 0.06069099999999998
0 0.2971484375 0.17206874452554743 0.02937500000000004 0.107377
0 0.3174609375 0.5230240364963503 0.04500000000000004 0.101774
0 0.3208203125 0.2779702262773723 0.02562500000000001 0.05695700000000001
0 0.3213671875 0.331021496350365 0.023125000000000007 0.070962
0 0.349921875 0.5178301824817517 0.06 0.09803900000000011
0 0.3358203125 0.35949166423357665 0.026874999999999982 0.04948699999999996
0 0.3491796875 0.4143068905109489 0.03749999999999998 0.10457500000000003
0 0.341640625 0.29087249635036494 0.020625000000000004 0.070961
0 0.3465625 0.21464895620437957 0.017500000000000016 0.042017
0 0.372890625 0.48414949635036497 0.05250000000000005 0.07282900000000005
0 0.365625 0.44994295620437963 0.03187500000000004 0.04201699999999996
0 0.3639453125 0.2869000802919708 0.02562500000000001 0.06069100000000002
0 0.368828125 0.3341119343065693 0.036250000000000004 0.06162400000000002
0 0.3940234375 0.34029181021897814 0.029374999999999984 0.046684999999999977
0 0.3965234375 0.4388056423357664 0.02999999999999997 0.06909399999999999
0 0.4016015625 0.2873749124087591 0.03437499999999999 0.08216600000000002
0 0.4174609375 0.5083224525547445 0.044999999999999984 0.11297800000000008
0 0.43015625 0.40799264233576643 0.04062499999999997 0.06722700000000002
0 0.4265234375 0.22609037226277373 0.029374999999999984 0.05415500000000002
0 0.4325 0.4461049124087591 0.033125000000000016 0.08216600000000006
0 0.4375 0.31141349635036497 0.03187499999999999 0.07282900000000005
0 0.457421875 0.5122938686131386 0.05937500000000001 0.12418300000000002
0 0.577734375 0.6740345620437955 0.26249999999999996 0.409897
0 0.4651953125 0.3717493722627737 0.02562500000000001 0.05415500000000002
0 0.4703515625 0.33767620437956203 0.03375 0.07656400000000003
0 0.473125 0.45544191240875914 0.03249999999999997 0.08216599999999998
0 0.48625 0.24943337226277373 0.03187499999999993 0.05508899999999999
0 0.491953125 0.41441093430656933 0.03562500000000002 0.06349199999999995
0 0.5003124999999999 0.22381522627737227 0.017500000000000016 0.056022999999999996
0 0.52578125 0.42917920437956203 0.040000000000000036 0.07656400000000003
0 0.5246484375 0.35226008029197076 0.030000000000000027 0.06069100000000002
0 0.53 0.3129253722627737 0.03312499999999996 0.05508899999999999
0 0.5295703125 0.231114496350365 0.026874999999999982 0.07282999999999998
0 0.55 0.3923570583941606 0.03249999999999997 0.08029900000000001
0 0.55640625 0.2438313722627737 0.040000000000000036 0.055088000000000026
0 0.566875 0.3268793503649635 0.03187499999999999 0.07469600000000001
0 0.5854296875 0.49348649635036496 0.038124999999999964 0.070962
0 0.5909765625 0.40863820437956205 0.034375000000000044 0.07656399999999995
0 0.5966796875 0.22381522627737227 0.03874999999999995 0.057890000000000004
0 0.59625 0.23904366423357665 0.0318750000000001 0.049487
0 0.60640625 0.45146949635036493 0.039999999999999925 0.07282899999999996
0 0.6085546875 0.34409349635036496 0.038125000000000075 0.070962
0 0.63875 0.22218564233576643 0.03187499999999999 0.06722699999999998
0 0.6468359375 0.49944462043795623 0.04625000000000001 0.08963600000000002
0 0.6363671875 0.24196337226277373 0.023125000000000062 0.05508899999999999
0 0.64125 0.4112017883211679 0.03187499999999999 0.066293
0 0.64640625 0.3494070583941606 0.040000000000000036 0.08029799999999997
0 0.6497265625 0.4573609343065693 0.03499999999999992 0.061624999999999985
0 0.6732421875 0.2719610802919708 0.023125000000000062 0.05975699999999997
0 0.677421875 0.23758381021897812 0.028750000000000053 0.04481800000000001
0 0.6865234375 0.37495751824817525 0.030625000000000013 0.05135400000000001
0 0.6877734375 0.41014908029197084 0.02937500000000004 0.05882399999999993
0 0.6968359375 0.5100707445255475 0.04500000000000004 0.107377
0 0.6902734375 0.34023978832116786 0.02937499999999993 0.06536000000000006
0 0.70390625 0.4503137445255474 0.040000000000000036 0.10550900000000007
0 0.7027734375 0.21103266423357667 0.030000000000000027 0.049487
0 0.7162109375 0.26764820437956205 0.04562500000000003 0.07656399999999995
0 0.7314453125 0.6724993868613138 0.057499999999999996 0.17460299999999998
0 0.723125 0.3079679343065693 0.03312499999999996 0.06162500000000003
0 0.736953125 0.4169891824817518 0.03562500000000002 0.09803900000000003
0 0.7358203125 0.3673177883211679 0.026874999999999982 0.06629299999999996
0 0.749609375 0.1979086423357664 0.043749999999999956 0.06722699999999998
0 0.7580859375 0.504061598540146 0.04625000000000001 0.10830999999999996
0 0.867109375 0.08467153284671533 0.26250000000000007 0.170868
0 0.754453125 0.21955437226277372 0.036250000000000004 0.05508899999999999
0 0.76875 0.6571522408759124 0.06374999999999997 0.17553700000000005
0 0.76046875 0.28649293430656936 0.024374999999999925 0.06162400000000002
0 0.78625 0.29197622627737224 0.03187499999999999 0.056956
0 0.7953125 0.5044687445255475 0.046875 0.106443
0 0.888125 0.24426884671532847 0.21999999999999997 0.143791
0 0.789140625 0.22189620437956203 0.020625000000000004 0.07656400000000003
0 0.8222265625 0.6606498248175183 0.06562499999999993 0.16433299999999992
0 0.8267578125 0.48778045255474456 0.04249999999999998 0.11111100000000003
0 0.817265625 0.21127008029197084 0.020625000000000004 0.06069099999999998
0 0.83203125 0.27015976642335765 0.040000000000000036 0.085902
0 0.8527734375 0.18996481021897813 0.02937500000000004 0.045752
0 0.864140625 0.660480094890511 0.05249999999999999 0.17927100000000007
0 0.858203125 0.2332709343065693 0.036250000000000004 0.06162500000000003
0 0.9078515625 0.6402275328467154 0.06562500000000004 0.1708679999999999
0 0.895546875 0.20619393430656932 0.028125000000000067 0.061625000000000006
0 0.920390625 0.5642924306569344 0.05249999999999999 0.133521
0 0.9237890625 0.19743481021897807 0.018124999999999947 0.046685
0 0.9584375 0.588866503649635 0.07999999999999996 0.3323999999999999
0 0.9513671875 0.19597495620437955 0.02312499999999995 0.04201699999999998
0 0.9626953125 0.23082605839416057 0.02562500000000001 0.08029899999999997
