0 0.1477734375 0.6108387692307693 0.06187500000000001 0.2899819999999999
0 0.2174609375 0.6566946373626373 0.10875000000000001 0.27680200000000005
0 0.458203125 0.5867103516483516 0.03562500000000002 0.20474499999999995
0 0.4633203125 0.3404734175824176 0.02562500000000001 0.08787400000000001
0 0.5525 0.3178579450549451 0.03125 0.14059799999999997
0 0.547890625 0.3445336593406593 0.020000000000000018 0.070299
0 0.61109375 0.7075503846153846 0.055625000000000036 0.2706500000000001
0 0.6669140625 0.7999892747252747 0.14375000000000004 0.301406
0 0.787734375 0.6139212857142857 0.07437499999999997 0.07381399999999988
0 0.9093359375 0.7107035604395605 0.10875000000000001 0.12126500000000012
0 0.9822265625 0.7397927692307693 0.03375000000000006 0.03954299999999993
