0 0.048359375 0.08353315959004393 0.012499999999999997 0.029080999999999996
0 0.061953125 0.12698377306002928 0.005625000000000005 0.01782400000000001
0 0.0717578125 0.12679941727672034 0.011249999999999996 0.032832999999999994
0 0.200859375 0.4343252825768668 0.074375 0.12288999999999997
0 0.2740234375 0.5963079516837482 0.2175 0.24953099999999998
0 0.5431640625 0.014641288433382138 0.018749999999999933 0.031895
0 0.559453125 0.06136193265007321 0.03687499999999999 0.045966
0 0.660390625 0.05486503074670571 0.020625000000000004 0.025327999999999993
0 0.8941015625 0.03731370571010249 0.034375000000000044 0.061912999999999996
0 0.94203125 0.036488963396778915 0.04062500000000002 0.06941900000000001
