0 0.0126953125 0.7711975833333332 0.025625 0.08083400000000014
0 0.01953125 0.8957295 0.04 0.20500000000000007
0 0.0457421875 0.8985934166666666 0.05374999999999999 0.2008340000000001
0 0.043203124999999995 0.805 0.036250000000000004 0.12749999999999995
0 0.0879296875 0.7847916666666667 0.03874999999999999 0.11666699999999992
0 0.0969921875 0.8753645833333333 0.053125000000000006 0.20666700000000007
0 0.1168359375 0.8552604166666667 0.04625 0.20166700000000004
0 0.1307421875 0.4358336666666667 0.021875000000000006 0.08416599999999996
0 0.13296875 0.40921908333333334 0.024375000000000008 0.06749999999999996
0 0.1400390625 0.64036425 0.018125000000000002 0.04083400000000004
0 0.1545703125 0.45161425 0.02687500000000001 0.10333400000000004
0 0.1764453125 0.8621357499999999 0.05687499999999998 0.21333300000000013
0 0.1651953125 0.691875 0.02687500000000001 0.09583299999999999
0 0.170078125 0.7966663333333334 0.03687499999999999 0.16916699999999998
0 0.1700390625 0.6513541666666667 0.019375000000000003 0.06833299999999998
0 0.178671875 0.444375 0.028749999999999998 0.09499999999999997
0 0.1821875 0.6851565833333334 0.016875 0.11333299999999998
0 0.20140625 0.7860940833333334 0.03999999999999998 0.15999999999999984
0 0.1963671875 0.6503645833333334 0.02312499999999998 0.08250000000000002
0 0.2103125 0.7598961666666666 0.046875 0.16166600000000017
0 0.2121484375 0.6953645833333333 0.030624999999999986 0.08083299999999993
0 0.2378125 0.6916670000000001 0.047500000000000014 0.125833
0 0.23109375 0.44828125 0.024375000000000008 0.10166700000000002
0 0.2415234375 0.7459899166666667 0.030000000000000027 0.15499999999999994
0 0.2581640625 0.42880175000000004 0.019374999999999976 0.08749999999999998
0 0.362265625 0.7791666666666668 0.083125 0.08416699999999988
0 0.3838671875 0.4170833333333333 0.023125000000000007 0.10499999999999998
0 0.39140625 0.36286425000000005 0.00874999999999998 0.03999999999999996
0 0.3979296875 0.3638538333333334 0.006249999999999978 0.02749999999999993
0 0.4130078125 0.363125 0.011249999999999982 0.03250000000000005
0 0.4340625 0.3953642499999999 0.016874999999999973 0.04083400000000011
0 0.44140625 0.34119825 0.009375000000000022 0.039166000000000034
0 0.4524609375 0.331458 0.013749999999999984 0.031667000000000035
0 0.463984375 0.34432291666666665 0.013124999999999998 0.030833000000000037
0 0.510546875 0.3160934166666667 0.027500000000000024 0.07749999999999997
0 0.5182421875 0.31317675 0.02187500000000009 0.05666700000000002
0 0.5515234375 0.48291633333333334 0.030000000000000027 0.10499999999999998
0 0.5703515625 0.5132288333333334 0.03375000000000006 0.12083399999999996
0 0.59921875 0.51494825 0.024374999999999925 0.10333300000000005
0 0.60671875 0.3127086666666667 0.02375000000000005 0.053333
0 0.60984375 0.52942675 0.024375000000000036 0.11750000000000001
0 0.6369921875 0.5461979166666667 0.021874999999999978 0.12416699999999999
0 0.645625 0.5398958333333334 0.03125 0.12166699999999997
0 0.64421875 0.5517184166666667 0.025000000000000022 0.10749999999999993
0 0.6444921875 0.29151075 0.022499999999999964 0.055000000000000014
0 0.6613671875 0.5568225833333332 0.02312499999999995 0.11333400000000005
0 0.66609375 0.57723925 0.023749999999999938 0.13499999999999993
0 0.7101953125 0.49994791666666666 0.026874999999999982 0.06083300000000006
0 0.712265625 0.5843225833333334 0.020625000000000004 0.11249999999999989
