0 0.6931640625 0.5357101669106882 0.08125000000000004 0.414634
0 0.005859375 0.41828996339677893 0.0125 0.06941899999999994
0 0.0691015625 0.42954696339677895 0.09749999999999999 0.06941899999999994
0 0.197734375 0.466422859443631 0.04375000000000001 0.18105000000000007
0 0.25093750000000004 0.4467929575402635 0.04874999999999999 0.15947500000000003
0 0.507421875 0.39296196339677886 0.028749999999999942 0.06754199999999998
0 0.562890625 0.38928006149341143 0.020625000000000004 0.04971799999999995
0 0.583515625 0.40556883455344067 0.020000000000000018 0.066604
0 0.7370703125 0.4141260922401171 0.02562500000000001 0.07129400000000001
0 0.796640625 0.5138270497803806 0.083125 0.22889300000000004
0 0.861796875 0.4327219575402635 0.05999999999999994 0.15947399999999998
0 0.9507421875 0.4346852767203514 0.053750000000000075 0.21294599999999994
