0 0.009765625 0.6686979166666668 0.020625 0.1224999999999999
0 0.0370703125 0.6798955000000001 0.026250000000000002 0.07916700000000006
0 0.0613671875 0.6679684166666666 0.05312499999999999 0.17083400000000015
0 0.138046875 0.6163545 0.12125000000000001 0.10999999999999988
0 0.1395703125 0.6700524166666666 0.02562500000000001 0.10833300000000001
0 0.159765625 0.6479163333333333 0.020625000000000004 0.10499999999999998
0 0.1802734375 0.6545833333333334 0.030625000000000013 0.106667
0 0.1915625 0.6471875 0.016875 0.10999999999999995
0 0.2408984375 0.636042 0.030625000000000013 0.09583300000000006
0 0.26859375 0.6406246666666666 0.024999999999999967 0.11583399999999999
0 0.308515625 0.6456770833333333 0.020625000000000004 0.0966669999999999
0 0.3334375 0.6361979166666666 0.046875 0.12250000000000012
0 0.3834765625 0.6367184166666666 0.034999999999999976 0.10916700000000008
0 0.4145703125 0.6205729166666666 0.02562500000000001 0.09333299999999996
0 0.4390625 0.6216666666666666 0.016874999999999973 0.08500000000000012
0 0.46671875 0.6216666666666666 0.02437499999999998 0.08500000000000012
0 0.5015234375 0.621875 0.031249999999999944 0.09500000000000013
0 0.5297265625 0.62078125 0.03437499999999993 0.10333299999999997
0 0.5555078125 0.6239059166666666 0.04125000000000001 0.0916670000000001
0 0.5893359375 0.6251041666666667 0.04562500000000003 0.13249999999999998
0 0.6219921875 0.6347399166666666 0.023125000000000062 0.09250000000000003
0 0.651796875 0.6053645833333333 0.02749999999999997 0.08250000000000002
0 0.670625 0.610208 0.03249999999999997 0.09416700000000004
0 0.7205078125 0.6367711666666667 0.04125000000000001 0.13249999999999998
0 0.7748828125 0.63307325 0.04125000000000001 0.13416599999999992
0 0.8352734375 0.6356774166666667 0.030624999999999902 0.13916599999999998
0 0.87984375 0.5772395833333334 0.024374999999999925 0.05166700000000005
0 0.9021484375 0.5995833333333334 0.030000000000000027 0.106667
0 0.9127734375 0.587708 0.030625000000000013 0.09416700000000004
0 0.9262890625 0.60828125 0.01937500000000003 0.10166699999999995
0 0.9501171875 0.6231774166666666 0.05437500000000006 0.13833300000000012
0 0.9808984375 0.6069791666666666 0.029999999999999916 0.10000000000000002
