0 0.2408984375 0.5827577672035139 0.029374999999999984 0.10871600000000005
0 0.38953125 0.5670779956076134 0.195625 0.5688840000000001
0 0.60015625 0.5528426398243046 0.13437500000000002 0.5848169999999999
0 0.67765625 0.5923632825768668 0.03937500000000005 0.12277400000000002
0 0.7196875 0.5699904787701318 0.04874999999999996 0.0806
0 0.7709765625 0.5760243499267936 0.03437499999999993 0.07685099999999993
0 0.8078515625 0.5601475095168374 0.034375000000000044 0.10402999999999997
0 0.8365625 0.56958060761347 0.04749999999999999 0.08434799999999994
0 0.8696875 0.5964659941434846 0.0475000000000001 0.09278300000000009
0 0.909375 0.5979862825768668 0.03312499999999996 0.12277399999999994
0 0.9380859375 0.5957014114202049 0.04499999999999993 0.12464900000000008
