0 0.11166733333333334 0.561804 0.073352 0.12534799999999996
0 0.18508483333333334 0.6339415625 0.15320299999999998 0.28481900000000004
0 0.14340675 0.553311125 0.054782 0.13022299999999998
0 0.24647075 0.5137041250000001 0.05663900000000003 0.06824599999999997
0 0.3327386666666667 0.6303891875000001 0.178273 0.366991
0 0.483403 0.5693681875000001 0.251625 0.17966599999999994
0 0.4204966666666667 0.5897489375 0.084494 0.23328700000000002
0 0.8040384166666668 0.552038375 0.3890430000000001 0.10654599999999997
0 0.6743090833333333 0.533899125 0.034353999999999996 0.06685299999999994
0 0.70345475 0.53709275 0.025070000000000075 0.056406999999999985
0 0.8394553333333333 0.6335085 0.10585000000000007 0.26601699999999995
