0 0.0302734375 0.6899479166666667 0.061875 0.06083299999999999
0 0.0654296875 0.8677083333333334 0.1325 0.2616669999999999
0 0.0712109375 0.6897913333333334 0.04625 0.07416699999999994
0 0.2171484375 0.7474479166666667 0.09187499999999998 0.18583300000000005
0 0.292578125 0.8781246666666668 0.16187500000000002 0.240834
0 0.2763671875 0.6779163333333332 0.08437499999999998 0.10499999999999998
0 0.3042578125 0.5941149166666667 0.04249999999999998 0.06000000000000005
0 0.3734375 0.8476559166666666 0.140625 0.28083400000000003
0 0.359765625 0.7310940833333334 0.08375000000000005 0.16000000000000006
0 0.397109375 0.6365104166666667 0.04375000000000001 0.13916700000000004
0 0.42734375 0.71494825 0.05562499999999998 0.1016660000000001
0 0.5125390624999999 0.8293229166666666 0.17562499999999998 0.2800000000000001
0 0.470703125 0.6779163333333332 0.06812499999999999 0.10499999999999998
0 0.510859375 0.5405208333333333 0.013124999999999942 0.027500000000000007
0 0.5486328125 0.7216145833333334 0.07250000000000001 0.14500000000000002
0 0.52453125 0.4585413333333333 0.009375000000000022 0.01250000000000003
0 0.52578125 0.5249475833333334 0.008125000000000049 0.020000000000000018
0 0.5298046875 0.5790104166666666 0.0068749999999999645 0.01333300000000004
0 0.5379296875 0.4578125 0.007499999999999951 0.015832999999999986
0 0.547265625 0.59869825 0.020625000000000004 0.040000000000000036
0 0.61203125 0.6849996666666667 0.07124999999999992 0.08583400000000004
0 0.594921875 0.5963024166666666 0.028749999999999942 0.04666600000000002
0 0.740390625 0.69578125 0.083125 0.10333299999999997
0 0.839140625 0.7241145833333333 0.08250000000000002 0.14583299999999996
