0 0.0784765625 0.3322426041055719 0.065625 0.24202599999999996
0 0.134609375 0.2326151612903226 0.04374999999999998 0.163227
0 0.15734375 0.22470043695014663 0.05499999999999999 0.16697900000000004
0 0.17375 0.34308887976539587 0.06312500000000001 0.243903
0 0.22640625 0.37399080938416424 0.040624999999999994 0.26547899999999997
0 0.2501171875 0.44787952785923757 0.08437499999999998 0.34803000000000006
0 0.2418359375 0.2058759560117302 0.04625000000000001 0.139774
0 0.3166796875 0.366249706744868 0.06875000000000003 0.25422100000000003
0 0.3876953125 0.6107518739002933 0.08937499999999998 0.3302059999999999
0 0.4976171875 0.7261526950146628 0.11625000000000002 0.42307699999999987
0 0.67171875 0.6961421055718475 0.14874999999999994 0.47092000000000006
