0 0.14046875 0.9299303333333333 0.11875 0.1366669999999999
0 0.196875 0.7760415555555555 0.1575 0.33111100000000004
0 0.27164062499999997 0.7333334444444444 0.11500000000000002 0.39111100000000015
0 0.419140625 0.8748607777777777 0.14625 0.24555599999999997
0 0.5248046875 0.458819 0.07000000000000006 0.468889
0 0.65859375 0.8375002222222222 0.21125000000000005 0.3211109999999999
0 0.683828125 0.5399304444444445 0.0675 0.3599999999999999
0 0.7650390625 0.6822226666666666 0.11250000000000004 0.3355549999999999
0 0.838515625 0.824097 0.20875 0.34666699999999995
0 0.9374609375 0.5643058888888889 0.10875000000000001 0.21666599999999991
0 0.95484375 0.8076392222222222 0.08750000000000002 0.382222
