0 0.6146875 0.5713238512396694 0.07999999999999996 0.467231
0 0.021484375 0.43007902479338844 0.044375 0.12367799999999994
0 0.07609375 0.4425522066115703 0.05499999999999999 0.08668100000000004
0 0.12882812500000002 0.45027852892561976 0.068125 0.07611
0 0.3260546875 0.4465886694214876 0.09999999999999998 0.10359400000000002
0 0.3937109375 0.41994985123966944 0.04624999999999996 0.068711
0 0.4183984375 0.5666347438016529 0.09250000000000003 0.470402
0 0.5033984375 0.5714008842975207 0.09187499999999993 0.4989429999999999
0 0.851328125 0.47928072727272725 0.16125 0.255814
0 0.9587109375 0.48416337190082653 0.04625000000000001 0.23678599999999989
