0 0.1035160625 0.5314790307467057 0.019530999999999993 0.02635400000000014
0 0.2646483125 0.5885797613469985 0.18164099999999997 0.20058600000000004
0 0.4423825625 0.6969255402635431 0.06542999999999999 0.12737900000000002
0 0.5273435 0.6939971478770132 0.07910199999999995 0.20936999999999992
0 0.5683590625 0.47584211127379217 0.11230499999999999 0.2767199999999999
0 0.6191404375 0.7115663631039532 0.12304700000000002 0.3718889999999999
0 0.6250001875 0.5710103499267934 0.02343700000000004 0.07759900000000015
0 0.712890375 0.5988291537335285 0.13671900000000003 0.12005800000000001
0 0.80566375 0.614934251830161 0.02343799999999996 0.09809699999999999
0 0.9121095 0.6193268477306002 0.17285099999999998 0.3616390000000001
