0 0.6684935 0.4065570697674419 0.11007500000000003 0.233333
0 0.0602845 0.5298128837209302 0.11007499999999999 0.405555
0 0.07270325 0.31682772093023254 0.04011200000000001 0.07083400000000004
0 0.1265155 0.3955105581395349 0.111008 0.23749999999999996
0 0.1779238125 0.3272610930232558 0.07276099999999999 0.10416699999999997
0 0.4555593125 0.3340116279069767 0.057836 0.09305599999999999
0 0.5290780625 0.33856555813953493 0.050373 0.11249999999999996
0 0.558390125 0.3931522325581396 0.067164 0.193056
0 0.6158320625 0.6956722790697675 0.17444000000000004 0.4305550000000001
0 0.6933451875 0.26343658139534887 0.05410400000000004 0.106945
0 0.77337875 0.4145993720930233 0.08768699999999996 0.159722
0 0.833576125 0.6649873023255813 0.192164 0.5499999999999999
