0 0.0901171875 0.7490628333333333 0.17875 0.496666
0 0.1605859375 0.55276075 0.07750000000000001 0.2433330000000001
0 0.2293359375 0.6820833333333334 0.13875 0.356667
0 0.3589453125 0.6552086666666667 0.15125 0.428333
0 0.4316015625 0.6551038333333333 0.09625 0.4649999999999999
0 0.4747265625 0.588958 0.06625000000000003 0.28166699999999995
0 0.527890625 0.5764586666666667 0.11500000000000005 0.24166600000000002
0 0.650390625 0.61411425 0.11499999999999999 0.3516670000000001
0 0.7741796875 0.6014583333333333 0.13250000000000006 0.3233329999999999
0 0.911796875 0.5436979166666667 0.05875000000000008 0.24833299999999991
0 0.945546875 0.5793229166666667 0.05999999999999994 0.28
0 0.9721875 0.53494825 0.04749999999999999 0.22666600000000003
