0 0.862890875 0.3532201904761905 0.0601560000000001 0.303354
0 0.1736330625 0.33609995238095236 0.01953100000000002 0.14634200000000003
0 0.2314453125 0.28352814285714284 0.025781 0.04878
0 0.26406275 0.33114423809523813 0.024999999999999967 0.15853599999999995
0 0.3404301875 0.3200895238095238 0.02343700000000004 0.16768300000000003
0 0.45625025 0.2591400952380952 0.009374999999999967 0.03201300000000001
0 0.5156245 0.25608619047619047 0.015625999999999918 0.06249999999999997
0 0.526171375 0.24503738095238098 0.013282000000000016 0.04420799999999999
0 0.656640875 0.3120877619047619 0.027344000000000035 0.16463399999999997
0 0.68828075 0.317805 0.02421899999999999 0.16158500000000003
0 0.913671875 0.33990161904761906 0.028905999999999987 0.19817
0 0.9435551875 0.3273258571428571 0.02343700000000004 0.195122
0 0.9650395625 0.33913714285714286 0.033592999999999984 0.205793
