0 0.0078125 0.24671875 0.01625 0.025832999999999995
0 0.024296875000000002 0.289375 0.027499999999999997 0.09583299999999999
0 0.0244921875 0.2283333333333333 0.023125 0.04166700000000001
0 0.052734375 0.27651041666666665 0.043125 0.14
0 0.0803515625 0.26963508333333336 0.03375 0.12916700000000003
0 0.0905078125 0.2562503333333333 0.041874999999999996 0.10500000000000005
0 0.1160546875 0.2649996666666667 0.03875000000000001 0.08583400000000004
0 0.13140625 0.23932325 0.04000000000000001 0.07250000000000001
0 0.1585546875 0.2638545 0.03874999999999998 0.110833
0 0.1844921875 0.2629163333333333 0.05437500000000001 0.10583399999999998
0 0.21734375 0.24973958333333335 0.023749999999999993 0.051666999999999984
0 0.2244921875 0.2564065833333333 0.021875000000000006 0.05166599999999999
0 0.2506640625 0.21942708333333336 0.018125000000000002 0.03416699999999998
0 0.2898828125 0.2482291666666667 0.011250000000000038 0.038332999999999985
0 0.29765625 0.23453125 0.00874999999999998 0.03916699999999995
0 0.31859375 0.23911458333333335 0.02437499999999998 0.019166999999999972
0 0.3181640625 0.21515591666666667 0.018125000000000002 0.03083399999999999
0 0.3323828125 0.2166145833333333 0.011249999999999982 0.02083300000000003
0 0.3353125 0.24468783333333333 0.016874999999999973 0.027500000000000007
0 0.3507421875 0.26104166666666667 0.022499999999999964 0.05333300000000004
0 0.3662109375 0.24453125 0.014375000000000027 0.04
0 0.5934375 0.2482295 0.016875000000000084 0.07916600000000003
0 0.6028125 0.2564065833333333 0.016249999999999987 0.05166599999999999
0 0.6925390625 0.23218783333333334 0.018125000000000058 0.027500000000000007
0 0.7024609375 0.23072916666666665 0.013749999999999929 0.03750000000000001
0 0.7569140625 0.23630241666666665 0.01937499999999992 0.045000000000000005
0 0.7623828125 0.21989616666666667 0.010000000000000009 0.038332999999999985
0 0.7687890625 0.2355725833333333 0.018124999999999947 0.05000000000000001
0 0.7805078125 0.23651075 0.011249999999999982 0.05499999999999997
0 0.8012890625 0.23296841666666665 0.018125000000000058 0.046667000000000014
0 0.813671875 0.2518746666666667 0.02749999999999997 0.05333399999999999
0 0.8174609375 0.22624966666666668 0.015000000000000013 0.022499999999999964
0 0.8309375 0.23317675000000002 0.016874999999999973 0.05499999999999997
0 0.837109375 0.24432325 0.012499999999999956 0.07250000000000001
0 0.8596875 0.24817674999999997 0.016874999999999973 0.055000000000000014
0 0.870234375 0.24963541666666667 0.013124999999999942 0.04666699999999998
