0 0.0537109375 0.4215772352941176 0.1075 0.3917129999999999
0 0.0849609375 0.5458897647058824 0.17 0.559322
0 0.2401171875 0.49928870588235297 0.05375000000000002 0.2749520000000001
0 0.285703125 0.49268611764705883 0.0675 0.3220339999999999
0 0.43859375 0.48849247058823536 0.21125000000000005 0.634652
0 0.5280859375 0.4709066470588235 0.295625 0.8399250000000001
0 0.7883984375 0.489171 0.15499999999999992 0.5
0 0.8908984375 0.507762705882353 0.06062500000000004 0.27401100000000006
0 0.95609375 0.508386294117647 0.08625000000000005 0.37853099999999995
0 0.9348046875 0.4797275294117647 0.038124999999999964 0.11770200000000006
