0 0.0234375 0.361667 0.048125 0.12749999999999995
0 0.14453125 0.6094270833333334 0.289375 0.409167
0 0.0647265625 0.3734374999999999 0.096875 0.174167
0 0.0909375 0.36880208333333336 0.04875 0.12916700000000003
0 0.13089843750000002 0.35723924999999995 0.061249999999999985 0.13416699999999995
0 0.195234375 0.37843783333333336 0.13812500000000003 0.21416600000000005
0 0.21109375 0.34499966666666665 0.05562500000000001 0.20833399999999994
0 0.250234375 0.3801038333333333 0.04375000000000001 0.09083400000000001
0 0.304609375 0.381458 0.10625000000000001 0.15833399999999997
0 0.337109375 0.4025520833333333 0.10562500000000002 0.190833
0 0.3246875 0.328958 0.01749999999999996 0.03250000000000001
0 0.3736328125 0.3914586666666667 0.073125 0.11666599999999994
0 0.5281640624999999 0.6047916666666667 0.361875 0.741667
0 0.37203125 0.3369788333333334 0.040000000000000036 0.05833399999999996
0 0.4180859375 0.3743225833333333 0.044999999999999984 0.11250000000000004
0 0.637109375 0.39494824999999995 0.13812500000000005 0.3516660000000001
0 0.754609375 0.4335419999999999 0.13812499999999994 0.22083300000000008
0 0.889375 0.6417708333333333 0.219375 0.7141670000000001
