0 0.0400390625 0.6074996666666667 0.081875 0.20833399999999994
0 0.1 0.5604690833333333 0.0625 0.25499999999999995
0 0.13921875 0.5219788333333334 0.05562500000000001 0.18416699999999997
0 0.17433593749999998 0.700625 0.1075 0.2824999999999999
0 0.551953125 0.44677116666666666 0.786875 0.38250000000000006
0 0.2473828125 0.5930211666666667 0.104375 0.19416599999999998
0 0.30671875 0.5427600833333334 0.055625000000000036 0.15916700000000006
0 0.37125 0.55119825 0.06374999999999997 0.16500000000000004
0 0.4326171875 0.5436982499999999 0.05437500000000001 0.16583299999999998
0 0.4717578125 0.5868746666666667 0.07375000000000004 0.17750000000000007
0 0.5590234375 0.61401075 0.0931249999999999 0.18083299999999988
0 0.6860546875 0.6407295 0.13187499999999996 0.20500000000000007
0 0.814296875 0.6008333333333332 0.08999999999999997 0.16666700000000004
