0 0.1226171875 0.6541171864904552 0.209375 0.6109020000000001
0 0.33187500000000003 0.5967950234948606 0.22 0.3317670000000001
0 0.2822265625 0.4060705800293686 0.03375 0.12123999999999999
0 0.3476953125 0.43320986196769456 0.026874999999999982 0.06766899999999998
0 0.4133203125 0.48824701174743024 0.08875 0.16541399999999998
0 0.4265234375 0.44519314684287814 0.030625000000000013 0.05733100000000002
0 0.460625 0.4363814346549193 0.03249999999999997 0.0874059999999999
0 0.6368359375 0.4327982907488987 0.04625000000000001 0.07142899999999999
0 0.708828125 0.44354786196769463 0.03562500000000002 0.06954899999999999
0 0.770390625 0.44918786196769456 0.05125000000000002 0.069548
