0 0.4990234375 0.4755205 0.99875 0.11000000000000003
0 0.4990234375 0.6025 0.999375 0.126667
0 0.4990234375 0.8736979166666666 0.999375 0.24916700000000006
0 0.007109375 0.7033333333333333 0.013125000000000001 0.041667000000000044
0 0.129609375 0.7083333333333334 0.013124999999999998 0.04333299999999992
0 0.25398437500000004 0.7089065833333333 0.012499999999999983 0.05166599999999999
0 0.279609375 0.7096354166666666 0.013124999999999998 0.045000000000000075
0 0.3244921875 0.7202604166666666 0.021875000000000033 0.07583300000000011
0 0.3406640625 0.7161458333333334 0.01937500000000003 0.05916699999999997
0 0.3684375 0.7233850833333334 0.016250000000000042 0.06583399999999988
0 0.3962890625 0.7196871666666667 0.018125000000000002 0.06916700000000005
0 0.425390625 0.7219274166666666 0.02124999999999999 0.07583300000000011
0 0.451640625 0.7168746666666667 0.020625000000000004 0.05333399999999999
0 0.4825390625 0.7250520833333334 0.018125000000000002 0.06750000000000005
0 0.5019140625 0.7133850833333334 0.019374999999999976 0.06583399999999988
0 0.5359375 0.7130211666666666 0.015625 0.06916600000000006
0 0.5601953125 0.7087499999999999 0.026249999999999996 0.0650000000000001
0 0.6044140625 0.71317675 0.01937500000000003 0.05666700000000002
0 0.633359375 0.6971878333333333 0.01187500000000008 0.027500000000000007
0 0.69859375 0.72375 0.025000000000000022 0.06416699999999986
0 0.7912890625 0.72598925 0.018125000000000058 0.07083399999999991
0 0.867265625 0.7256253333333333 0.020625000000000004 0.07416599999999995
0 0.8913671875 0.7263541666666667 0.022499999999999964 0.06916699999999991
