0 0.772212875 0.6316157665198239 0.21513399999999994 0.7340229999999999
0 0.0498046875 0.2539280190895742 0.100688 0.267857
0 0.043988374999999996 0.4180527254038179 0.074422 0.15789400000000003
0 0.09016125 0.7396464654919236 0.16572900000000002 0.5178569999999999
0 0.2855086875 0.6574044772393539 0.31894900000000004 0.6823309999999999
0 0.241304875 0.30162972246696035 0.06003699999999998 0.11560099999999998
0 0.31015499999999996 0.2948683083700441 0.12570300000000004 0.31954899999999997
0 0.3296621875 0.24511858590308372 0.115697 0.203947
0 0.4474235 0.5700529177679883 0.14133800000000007 0.8496239999999999
0 0.5149945 0.2898822922173275 0.046904999999999974 0.09210499999999998
0 0.70306425 0.22649844199706315 0.1025640000000001 0.18797000000000003
0 0.7196848125 0.17756972246696034 0.07317099999999999 0.11560099999999998
