0 0.0429690625 0.5716376725146199 0.018554 0.0847949999999999
0 0.05859375 0.5745615789473684 0.024414000000000005 0.10818700000000009
0 0.07226556249999999 0.5614034970760233 0.035156 0.12573099999999998
0 0.1035160625 0.5891808888888889 0.05078099999999999 0.277778
0 0.124023625 0.48391767251461987 0.020508 0.08333399999999998
0 0.261718875 0.532163783625731 0.09081999999999998 0.30555599999999994
0 0.3359373125 0.5935670935672515 0.08886700000000003 0.47807000000000005
0 0.41406275 0.5994147660818713 0.08691400000000005 0.5599420000000002
0 0.4726566875 0.5497074502923976 0.039061999999999986 0.137427
0 0.5097651875 0.5716376959064328 0.021484999999999976 0.07894699999999993
0 0.522461125 0.5745617660818714 0.005859000000000059 0.06140299999999996
0 0.6259760625 0.5248534269005848 0.04882900000000001 0.14473699999999992
0 0.694336375 0.6915203625730995 0.137695 0.41081900000000005
0 0.6689450625 0.48684178947368417 0.050781000000000076 0.05409399999999999
0 0.7675783125 0.6915204093567251 0.15136700000000003 0.399123
0 0.8056645 0.5570177894736843 0.017577999999999983 0.05409299999999994
0 0.84863325 0.5906429590643274 0.07128900000000005 0.2616960000000001
0 0.91308625 0.5847954385964912 0.07128900000000005 0.14181300000000008
0 0.899413875 0.5438597192982456 0.028320000000000012 0.07163699999999999
0 0.9462894375 0.5760229005847953 0.092773 0.274854
