0 0.03125 0.7145830000000001 0.0625 0.5633339999999999
0 0.044921875 0.660208111111111 0.090625 0.31888900000000014
0 0.076328125 0.6004857777777778 0.09875 0.275556
0 0.0947265625 0.4706942222222222 0.065 0.2577779999999999
0 0.1603125 0.5454861111111111 0.048750000000000016 0.19111100000000006
0 0.213359375 0.47777822222222216 0.07562500000000003 0.44666600000000006
0 0.1988671875 0.5574998888888889 0.023125000000000007 0.155556
0 0.2554296875 0.5297221111111111 0.03812500000000002 0.09888899999999998
0 0.311875 0.6943053333333333 0.12687499999999996 0.606667
0 0.269609375 0.4770134444444445 0.012500000000000011 0.04555599999999998
0 0.2757421875 0.5318058888888889 0.023125000000000007 0.09333299999999994
0 0.2857421875 0.48638933333333334 0.021874999999999978 0.04333300000000002
0 0.3413671875 0.4752083333333334 0.08437499999999998 0.5122220000000001
0 0.398125 0.5478475555555556 0.03249999999999997 0.14333299999999996
0 0.431328125 0.5409721111111111 0.03687499999999999 0.16222199999999998
0 0.539921875 0.5607638888888888 0.059374999999999956 0.12333299999999998
0 0.5563671875 0.5255557777777777 0.02312499999999995 0.05666600000000008
0 0.58796875 0.519583111111111 0.024374999999999925 0.036667000000000054
0 0.6368359375 0.5759027777777778 0.04500000000000004 0.2144440000000001
0 0.683671875 0.5783332222222222 0.028124999999999956 0.196667
0 0.728515625 0.5688198888888889 0.05125000000000002 0.2499999999999999
0 0.889765625 0.7015274444444445 0.05125000000000002 0.576667
