0 0.5694921875 0.4367687402597403 0.05437500000000006 0.08229399999999999
0 0.6025390625 0.438795038961039 0.018124999999999947 0.078969
0 0.6155078125 0.4206132207792208 0.010000000000000009 0.04156299999999993
0 0.62203125 0.42689892207792207 0.008124999999999938 0.044888000000000004
0 0.7055859375 0.47536370129870126 0.04500000000000004 0.20365700000000003
0 0.767734375 0.48721028571428576 0.04312500000000008 0.17207
0 0.8309375 0.4920417922077922 0.04874999999999996 0.18620099999999995
0 0.872734375 0.48726159740259745 0.04437500000000005 0.19617599999999993
0 0.8951953125 0.47053219480519476 0.02562500000000001 0.191189
0 0.9755078125 0.47188398701298706 0.04250000000000009 0.175395
