0 0.039296874999999995 0.7386599326500732 0.028125 0.04596599999999996
0 0.16515625 0.7480850922401171 0.04000000000000001 0.07317000000000004
0 0.19484375 0.7060544480234261 0.02437499999999998 0.05722400000000003
0 0.242890625 0.6815501903367497 0.020624999999999977 0.05065699999999998
0 0.26472656250000004 0.7524505402635432 0.033749999999999974 0.12758000000000005
0 0.332734375 0.7560191844802342 0.043749999999999956 0.14258900000000008
0 0.3787890625 0.7336713191800879 0.018125000000000002 0.055346999999999945
0 0.4806640625 0.7371698653001465 0.080625 0.0891179999999999
0 0.55484375 0.7105870307467057 0.024375000000000036 0.02345200000000001
0 0.561484375 0.7302870307467058 0.011874999999999969 0.02532799999999996
0 0.5765625 0.7292347730600294 0.016874999999999973 0.01969999999999994
0 0.60390625 0.7593593133235725 0.03937500000000005 0.1444659999999999
0 0.635859375 0.7200822884333821 0.013124999999999942 0.030019000000000063
