0 0.0883408125 0.7659961517450683 0.16666699999999998 0.4528499999999999
0 0.191442375 0.26037125037936265 0.324667 0.44870400000000005
0 0.2360595625 0.8265421244309559 0.191334 0.33160600000000007
0 0.5255341875 0.6417955872534142 0.17799999999999994 0.6124350000000001
0 0.8462109375 0.25034150379362674 0.23399999999999999 0.462176
0 0.850245125 0.8777957177541731 0.03599999999999992 0.08186499999999997
0 0.897765625 0.8983356616084978 0.02066699999999999 0.051813000000000005
0 0.9139814375 0.8456338588770864 0.030667 0.04248700000000012
0 0.919765625 0.8973727602427921 0.021332999999999935 0.047668999999999954
0 0.939098625 0.8539238588770864 0.020000000000000018 0.04145099999999994
0 0.943671875 0.8962626616084977 0.028666999999999998 0.05181400000000007
0 0.9593623125 0.8764264643399089 0.02733299999999994 0.06528500000000005
