0 0.27421925 0.6789773806343906 0.07187400000000002 0.43658199999999997
0 0.0888671875 0.6946777095158597 0.178125 0.5113489999999999
0 0.5009765625 0.7734387278797996 0.283594 0.4472630000000001
0 0.408203375 0.5484396811352255 0.07578100000000004 0.25367199999999995
0 0.45625 0.4359424540901503 0.03125 0.168224
0 0.4650395625 0.4109025141903172 0.03515600000000002 0.13217699999999996
0 0.4947265625 0.4546362504173623 0.06562499999999993 0.18291100000000002
0 0.557421375 0.4746650467445742 0.043749999999999956 0.19492700000000007
0 0.6181640625 0.40656126878130217 0.017969000000000013 0.11481899999999999
0 0.6400393125 0.42592116694490817 0.025780999999999943 0.12283099999999997
0 0.7259768125 0.6202553439065109 0.16718699999999997 0.5700929999999998
0 0.91562525 0.49136413021702835 0.10312500000000002 0.255007
0 0.96406225 0.6612731535893155 0.07031299999999996 0.35247
0 0.9892580625 0.6421981853088481 0.018749999999999933 0.054740000000000025
