0 0.8176171875 0.5365382189781022 0.05312499999999998 0.197381
0 0.19 0.5250574671532847 0.06375 0.23199199999999998
0 0.238984375 0.5288278029197081 0.04374999999999998 0.18428400000000006
0 0.3303515625 0.5413572627737226 0.034375000000000044 0.155285
0 0.4159375 0.5504991970802919 0.11124999999999996 0.21702500000000008
0 0.4971875 0.5678193649635037 0.04874999999999996 0.193639
0 0.5524609375 0.5419664890510949 0.04625000000000001 0.21047699999999997
0 0.5832421875 0.5381818029197081 0.021874999999999978 0.18428499999999995
0 0.6243359375 0.5515052189781021 0.04499999999999993 0.197381
0 0.6690234375 0.5569334890510949 0.030625000000000013 0.211413
0 0.70453125 0.5375442408759125 0.039999999999999925 0.17680100000000004
0 0.8380859375 0.5219813649635037 0.20124999999999993 0.193639
