0 0.8681636875 0.5104163333333334 0.06836000000000009 0.32465299999999997
0 0.0615236875 0.5468752222222223 0.039062000000000006 0.2291659999999999
0 0.1015625 0.5624995555555555 0.047852000000000006 0.2986120000000001
0 0.54003925 0.7291664444444446 0.916015 0.4218749999999999
0 0.25292987499999997 0.5225694444444444 0.059569999999999984 0.236111
0 0.291992125 0.5052080000000001 0.036133000000000026 0.15798599999999993
0 0.37695275 0.46874966666666673 0.05566399999999999 0.14756999999999992
0 0.59277325 0.5104162222222222 0.477539 0.258681
0 0.5419925 0.45138922222222216 0.04785099999999998 0.19618000000000008
0 0.586914 0.5017364444444444 0.03125 0.14062500000000006
0 0.6376949375 0.5121524444444445 0.04492200000000002 0.20312499999999994
0 0.6787105 0.5277782222222223 0.046875 0.19617999999999997
