0 0.01171875 0.06312466666666666 0.025 0.115
0 0.01953125 0.3794274166666667 0.039375 0.07583299999999997
0 0.0224609375 0.48260416666666667 0.045625 0.13250000000000006
0 0.0630859375 0.45807325 0.07749999999999999 0.134166
0 0.052890625 0.4442708333333334 0.052500000000000005 0.08999999999999993
0 0.056640625 0.3732809166666667 0.051875000000000004 0.05999999999999998
0 0.0906640625 0.4937503333333333 0.08124999999999999 0.10500000000000005
0 0.116875 0.055989583333333336 0.06437499999999999 0.114167
0 0.12691406249999998 0.43328125 0.049375000000000016 0.10333300000000005
0 0.17125 0.06640625 0.094375 0.133333
0 0.1601171875 0.28927050000000004 0.05374999999999999 0.1724999999999999
0 0.1687109375 0.4072913333333334 0.045625 0.07416699999999994
0 0.1692578125 0.09151075000000002 0.04125000000000001 0.056666
0 0.20765625 0.4526038333333333 0.07187500000000002 0.09000000000000001
0 0.2122265625 0.4869791666666667 0.06562500000000002 0.09999999999999994
0 0.2218359375 0.07968783333333333 0.07749999999999999 0.15333300000000002
0 0.219296875 0.43755208333333334 0.05937500000000001 0.06749999999999996
0 0.21703125 0.38067674999999995 0.03999999999999998 0.055000000000000014
0 0.2378515625 0.41380175 0.06624999999999998 0.08749999999999991
0 0.2481640625 0.7267184166666668 0.080625 0.4825
0 0.243046875 0.3801565833333333 0.05937500000000001 0.11333300000000002
0 0.285390625 0.4595315833333333 0.051875000000000004 0.08250000000000002
0 0.2776953125 0.0546875 0.026249999999999996 0.110833
0 0.414375 0.45578158333333335 0.09437499999999999 0.14333300000000002
0 0.4146484375 0.09619791666666666 0.09312499999999996 0.12250000000000001
0 0.3992578125 0.41734408333333334 0.04125000000000001 0.09666599999999999
0 0.4299609375 0.34911491666666666 0.04500000000000004 0.061666
0 0.4646484375 0.43130175 0.06187500000000001 0.08750000000000006
0 0.462265625 0.09838541666666667 0.05124999999999996 0.109167
0 0.4674609375 0.3593232499999999 0.044999999999999984 0.07250000000000005
0 0.467109375 0.4332809166666667 0.04375000000000001 0.06083399999999998
0 0.468984375 0.053385416666666664 0.04375000000000001 0.1075
0 0.518359375 0.711458 0.10562500000000002 0.408334
0 0.5208203124999999 0.4093232500000001 0.05812500000000004 0.07249999999999994
0 0.5181640625 0.47734375 0.04937499999999995 0.05666699999999995
0 0.581796875 0.7133850833333334 0.15375000000000005 0.44249999999999995
0 0.5442578125 0.11828125 0.07374999999999998 0.101667
0 0.5279296875 0.04296875 0.03749999999999998 0.086667
0 0.5355859375 0.36510383333333335 0.045624999999999916 0.09083400000000001
0 0.5609375 0.45557291666666666 0.04812499999999997 0.09166700000000001
0 0.57421875 0.39765625 0.055625000000000036 0.07166700000000008
0 0.5812890625 0.040364583333333336 0.05062500000000003 0.083333
0 0.6066796875 0.41791633333333333 0.06874999999999998 0.10499999999999998
0 0.6036328125 0.07984341666666667 0.04125000000000001 0.13916699999999999
0 0.624375 0.4665625 0.0625 0.07916699999999999
0 0.61515625 0.33890658333333334 0.040000000000000036 0.051666000000000024
0 0.6336328125 0.10416700000000001 0.073125 0.12749999999999997
0 0.6528125 0.09578158333333335 0.04812499999999997 0.145
0 0.7060546875 0.13442675 0.06999999999999995 0.11916699999999998
0 0.7052734375 0.46546875000000004 0.0618749999999999 0.08749999999999998
0 0.6980078125 0.0398955 0.04125000000000001 0.079167
0 0.7788671875 0.12411458333333332 0.08500000000000008 0.14416700000000002
0 0.7866015625 0.335 0.03500000000000003 0.12583299999999994
0 0.8532421875 0.11380175 0.05437499999999995 0.08833400000000001
0 0.86125 0.14244758333333332 0.06437500000000007 0.143334
0 0.8855859375 0.46255241666666663 0.07750000000000001 0.234166
0 0.92109375 0.0621875 0.055624999999999925 0.11166699999999997
0 0.9434375 0.14713574999999998 0.04812499999999997 0.08750000000000001
0 0.97953125 0.45276008333333334 0.03937500000000005 0.28416699999999995
0 0.98125 0.15364616666666667 0.03312500000000007 0.100833
