0 0.1315625 0.4580483529411764 0.173125 0.21468900000000007
0 0.18875 0.5386788235294118 0.22 0.19679800000000006
0 0.260703125 0.6706521176470588 0.3175 0.321092
0 0.1840234375 0.3286445294117647 0.06125 0.169492
0 0.3370703125 0.24802564705882355 0.057499999999999996 0.13841799999999999
0 0.3675 0.26557870588235294 0.03250000000000003 0.07532900000000002
0 0.41140625 0.2937105294117647 0.07187500000000002 0.06779699999999998
0 0.691015625 0.22452635294117648 0.615 0.214689
0 0.48046875 0.2962915882352941 0.055625000000000036 0.10546099999999996
0 0.5402734375 0.2962915882352941 0.06125000000000003 0.10546099999999996
0 0.607265625 0.30970694117647063 0.083125 0.11581899999999992
0 0.6840234375 0.389118705882353 0.0931249999999999 0.27401099999999995
0 0.785859375 0.3241804705882353 0.10687499999999994 0.134651
0 0.92359375 0.36472276470588233 0.15000000000000002 0.16007500000000005
