0 0.82640625 0.5533952941176471 0.040000000000000036 0.17796599999999993
0 0.0894921875 0.506114705882353 0.023124999999999993 0.025423999999999915
0 0.2619140625 0.5183335294117647 0.018125000000000002 0.11958600000000012
0 0.297421875 0.5312841764705882 0.028749999999999998 0.106403
0 0.3378125 0.4994492352941176 0.016874999999999973 0.09227800000000005
0 0.3886328125 0.4925087058823529 0.010624999999999996 0.07532900000000002
0 0.5250390625 0.5253263529411765 0.018750000000000044 0.163842
0 0.6940625 0.528343 0.015625 0.1007530000000001
0 0.7062109375 0.5353464117647059 0.01375000000000004 0.09981200000000001
0 0.733515625 0.5311041176470588 0.02124999999999999 0.12146900000000004
0 0.75671875 0.5441070588235294 0.024375000000000036 0.135593
