0 0.353515625 0.5682817554904832 0.708889 0.29
0 0.1327734375 0.7286697496339677 0.186667 0.38333400000000006
0 0.33455762499999997 0.7413961361639825 0.17666600000000002 0.391666
0 0.46963575 0.624809663250366 0.087777 0.21999999999999997
0 0.500581375 0.779636074670571 0.13777799999999996 0.345
0 0.653272125 0.623299503660322 0.098889 0.19333300000000003
0 0.8610283125 0.9597343499267935 0.275556 0.07666600000000004
0 0.768759125 0.5157927364568082 0.06777699999999998 0.08666699999999998
0 0.86439225 0.7181551976573939 0.22777800000000004 0.43833300000000003
0 0.9157330625 0.816163982430454 0.14333400000000007 0.27333299999999994
