0 0.0166015625 0.7063541666666667 0.034375 0.06833299999999998
0 0.0596484375 0.6942705 0.030625 0.04833399999999995
0 0.0738671875 0.6739583333333332 0.023124999999999993 0.07416700000000002
0 0.1894140625 0.6804687499999998 0.019375000000000003 0.08666700000000005
0 0.2771875 0.6611458333333333 0.015625 0.058333000000000045
0 0.29796875 0.72098925 0.025000000000000022 0.07083399999999991
0 0.346484375 0.6896350833333332 0.04312499999999997 0.12916700000000012
0 0.5576953125 0.66661425 0.02562500000000001 0.10333399999999997
0 0.5751171875 0.6679163333333333 0.02187500000000009 0.10499999999999998
0 0.6046484375 0.6825524166666668 0.030000000000000027 0.10833300000000008
0 0.6428125 0.6349475833333332 0.016874999999999973 0.019167000000000083
