0 0.1144921875 0.4536428674521355 0.02187499999999999 0.08671099999999995
0 0.13332031249999998 0.4525246377025037 0.026874999999999996 0.10084800000000002
0 0.1512109375 0.4518763755522827 0.014374999999999999 0.093308
0 0.2034375 0.7798725699558173 0.11125000000000002 0.2356269999999999
0 0.1801953125 0.4504036215022091 0.02562499999999998 0.08953800000000003
0 0.240703125 0.4706676539027982 0.03687500000000002 0.1140430000000001
0 0.3117578125 0.8227576023564065 0.135 0.25824699999999995
0 0.2834765625 0.7096534727540501 0.065 0.16399599999999998
0 0.271328125 0.4687249322533137 0.03562500000000002 0.13383599999999998
0 0.313515625 0.4459853593519882 0.019999999999999962 0.08199800000000003
0 0.4324609375 0.7237348159057437 0.07687500000000003 0.2318560000000001
0 0.5006640625000001 0.7817586347569955 0.20687499999999998 0.28275200000000006
0 0.409609375 0.45758909720176727 0.012500000000000011 0.071631
0 0.4314453125 0.44792808100147274 0.02562500000000001 0.061263000000000005
0 0.4506640625 0.4463976053019146 0.018125000000000002 0.077285
0 0.4944140625 0.45381909720176733 0.01937500000000003 0.07351600000000003
0 0.5153125 0.4452783755522828 0.016250000000000098 0.09236600000000003
0 0.5546875 0.44922460530191455 0.016874999999999973 0.07917100000000002
0 0.5776953125 0.44881235935198827 0.02562500000000001 0.08105599999999996
0 0.6290625 0.4511096053019146 0.016875000000000084 0.077286
0 0.6673828125 0.45682332695139916 0.011249999999999982 0.057492999999999954
0 0.7084375 0.4542313431516937 0.016874999999999973 0.06974599999999997
0 0.7368359375 0.44733960530191463 0.014375000000000027 0.07728599999999991
0 0.752734375 0.4391513431516937 0.012500000000000067 0.06974599999999997
0 0.776015625 0.4519340972017673 0.020625000000000004 0.07351600000000003
0 0.8021875 0.44610286745213545 0.016249999999999987 0.08671100000000004
0 0.9109375 0.45275858910162003 0.015625 0.06597599999999994
0 0.9465625 0.44651511340206185 0.015625 0.08482600000000001
