0 0.0185546875 0.5281238211143695 0.038125 0.09492499999999994
0 0.0488671875 0.5023340967741936 0.05375 0.09680499999999999
0 0.04203125 0.4799628269794722 0.00875 0.011278000000000007
0 0.12062500000000001 0.661144073313783 0.126875 0.43985
0 0.079375 0.5176722697947214 0.031875 0.08834600000000004
0 0.2146484375 0.2527093401759531 0.12437500000000001 0.06954900000000001
0 0.1787890625 0.5345921612903226 0.04999999999999999 0.16259399999999996
0 0.2395703125 0.6994827771260997 0.11937500000000001 0.233082
0 0.2334375 0.5522625395894428 0.079375 0.17857099999999998
0 0.2456640625 0.4686511290322581 0.08187499999999998 0.12969999999999993
0 0.3087890625 0.5912535278592376 0.080625 0.3486839999999999
0 0.3916796875 0.6982031231671555 0.13187500000000002 0.21616599999999989
0 0.3498046875 0.46549247507331376 0.03750000000000003 0.11372199999999999
0 0.3722265625 0.5826406041055718 0.06562499999999999 0.24248100000000003
0 0.42640625 0.4670367126099707 0.07187500000000002 0.16917300000000002
0 0.43984375 0.6338832903225806 0.08687500000000004 0.293233
0 0.5022265625 0.613849008797654 0.09625000000000006 0.37312
0 0.514296875 0.40861368035190615 0.08999999999999997 0.13627899999999998
0 0.569765625 0.6691066041055719 0.1143749999999999 0.24060200000000004
0 0.543828125 0.4759796158357771 0.03562500000000002 0.07330900000000007
0 0.5909375 0.5047047829912024 0.078125 0.148496
0 0.6046484375 0.46575516715542525 0.030625000000000013 0.07706699999999997
0 0.6172265625 0.4416578211143695 0.034375000000000044 0.09398499999999996
0 0.6496875 0.6224176686217009 0.07937499999999997 0.3063909999999999
0 0.6567578125 0.4741390967741935 0.04125000000000001 0.09962399999999996
0 0.6921875 0.24624289149560116 0.1100000000000001 0.07518800000000006
0 0.718515625 0.693765815249267 0.11375000000000002 0.1813909999999999
0 0.71609375 0.5363230205278592 0.08750000000000002 0.20394800000000007
0 0.73640625 0.4523354750733138 0.039999999999999925 0.11372099999999993
0 0.7832421875 0.5972321818181818 0.11687500000000006 0.36654100000000006
0 0.860703125 0.6680540527859238 0.12937500000000002 0.23496199999999998
0 0.8483984375 0.48692185337243404 0.06125000000000003 0.12687999999999997
0 0.8612890625 0.43887441055718474 0.01937499999999992 0.04699199999999999
0 0.914609375 0.6328711114369501 0.10625000000000007 0.3853390000000001
0 0.9333203125 0.47007603225806455 0.026874999999999982 0.03477499999999998
