0 0.017578125 0.5305725833333333 0.036875 0.050000000000000044
0 0.1510546875 0.55067675 0.03875000000000001 0.05499999999999994
0 0.264140625 0.567083 0.05124999999999999 0.063334
0 0.3494140625 0.5724479166666666 0.049375 0.06000000000000005
0 0.388984375 0.5661458333333332 0.043125000000000024 0.058333000000000045
0 0.4167578125 0.5610940833333333 0.04249999999999998 0.034165999999999995
0 0.4258203125 0.58151075 0.05687499999999995 0.055000000000000084
0 0.5193359375 0.5833850833333334 0.044999999999999984 0.06583399999999988
0 0.593515625 0.5927086666666667 0.05249999999999999 0.05333299999999993
0 0.64296875 0.5982809166666666 0.055625000000000036 0.06000000000000005
0 0.740390625 0.6140621666666667 0.05249999999999999 0.03750000000000009
0 0.7940625 0.61651075 0.04812499999999997 0.055000000000000084
