0 0.10359375 0.48705864705882346 0.14937499999999998 0.5890200000000001
0 0.1589453125 0.19450937254901962 0.120625 0.15764699999999998
0 0.1907421875 0.6479898823529411 0.179375 0.655687
0 0.2662890625 0.6352936470588234 0.3 0.5882360000000001
0 0.1915625 0.28298982352941177 0.1425 0.170196
0 0.1714453125 0.06499986274509803 0.026249999999999996 0.036079
0 0.191796875 0.11936307843137255 0.06 0.106666
0 0.214296875 0.09274480392156863 0.027499999999999997 0.049412000000000005
0 0.256171875 0.10808813725490195 0.06 0.09097999999999999
0 0.263984375 0.21142201960784315 0.075625 0.12235199999999999
0 0.26296875 0.07803876470588235 0.02375000000000005 0.058824000000000015
0 0.31765625 0.27833323529411763 0.13312500000000005 0.19137300000000002
0 0.2896484375 0.08936227450980391 0.02999999999999997 0.058040000000000015
0 0.304296875 0.17132303921568628 0.06 0.11686299999999998
0 0.3075 0.16127458823529411 0.06312499999999999 0.10509800000000002
0 0.4867578125 0.4933332352941176 0.35374999999999995 0.9411769999999999
0 0.3699609375 0.3656863333333334 0.07687500000000003 0.16862699999999997
0 0.381796875 0.09240229411764705 0.028749999999999998 0.053333
0 0.3857421875 0.1469607843137255 0.023125000000000007 0.054902
0 0.3993359375 0.15201029411764708 0.014999999999999958 0.051763999999999984
0 0.4951171875 0.07117688235294117 0.021874999999999978 0.030587999999999994
0 0.5033984375 0.11122529411764706 0.030000000000000027 0.051765
0 0.5125 0.1727942156862745 0.03250000000000003 0.072157
0 0.5196484375 0.07671529411764706 0.030000000000000027 0.051765000000000005
0 0.5460546875 0.15598054901960784 0.07000000000000006 0.11294099999999997
0 0.5483984375 0.07916627450980393 0.030000000000000027 0.056471000000000014
0 0.5821484375 0.15715647058823531 0.09187500000000004 0.134118
0 0.58 0.08352976470588236 0.06312499999999999 0.06039200000000001
0 0.6323046875 0.22078445098039212 0.16312499999999996 0.13960800000000004
0 0.5953125 0.2912252156862745 0.04812499999999997 0.07215699999999996
0 0.6377734375 0.09705872549019606 0.06187500000000001 0.06902
0 0.6505078125 0.2849996274509804 0.07250000000000001 0.094902
0 0.713828125 0.586225 0.19187500000000002 0.625098
0 0.6498828125 0.1753917450980392 0.04249999999999998 0.06509800000000002
0 0.6892578125 0.1411766862745098 0.0737500000000001 0.08078399999999998
0 0.7412109375 0.24201001960784313 0.14 0.12235299999999996
0 0.7631640625 0.22499954901960784 0.11249999999999993 0.11451000000000006
0 0.79265625 0.3174999803921569 0.10250000000000004 0.13098
0 0.8626953125 0.5725486470588236 0.181875 0.5882359999999999
0 0.9651953125 0.39754929411764706 0.057499999999999996 0.426666
