0 0.049921875 0.9165275555555554 0.028125000000000004 0.05000000000000012
0 0.0868359375 0.9361106666666666 0.045 0.08666699999999988
0 0.1339453125 0.9597913333333332 0.057499999999999996 0.07555600000000003
0 0.171640625 0.9593054444444444 0.05125000000000002 0.07777799999999996
0 0.2297265625 0.9597913333333332 0.03437499999999999 0.07555600000000003
0 0.2386328125 0.9135412222222222 0.04125000000000001 0.038888999999999875
0 0.286171875 0.9130551111111112 0.06 0.09999999999999994
0 0.411171875 0.9155553333333333 0.059374999999999956 0.16666699999999995
0 0.44109375 0.9538886666666667 0.02437499999999998 0.08666699999999988
0 0.4642578125 0.9645829999999999 0.041874999999999996 0.06555600000000004
