0 0.0313671875 0.4679330117474303 0.05375 0.16651
0 0.048203125 0.3713140058737151 0.036875000000000005 0.08466599999999999
0 0.0760546875 0.4318645785609398 0.038125 0.10254000000000002
0 0.0834375 0.5307091571218796 0.04875 0.200376
0 0.1075390625 0.36649514831130686 0.04999999999999999 0.07902200000000001
0 0.1266015625 0.5101280146842878 0.065625 0.20790199999999998
0 0.1640234375 0.4907855859030837 0.029374999999999984 0.203198
0 0.2930859375 0.6866400220264317 0.10749999999999998 0.31044200000000005
0 0.2803125 0.4551297239353891 0.04874999999999996 0.13546599999999998
0 0.326875 0.6086280205580029 0.09499999999999997 0.2897469999999999
0 0.3047265625 0.42732129515418504 0.03437499999999999 0.13264299999999998
0 0.335546875 0.5847664478707782 0.09062499999999996 0.271872
0 0.3424609375 0.4096311512481644 0.04625000000000001 0.118532
0 0.4016796875 0.5438560176211453 0.07 0.24741299999999997
0 0.3942578125 0.6126680146842878 0.04249999999999998 0.20602
0 0.401640625 0.36360414977973565 0.05125000000000002 0.09783600000000005
0 0.431328125 0.36401672099853155 0.03687499999999999 0.09595500000000001
0 0.439140625 0.36585286196769456 0.05249999999999999 0.06773299999999999
0 0.439375 0.42998257856093974 0.03312499999999996 0.10254000000000002
0 0.4594140625 0.5862348766519824 0.04999999999999999 0.2737529999999999
0 0.464609375 0.4510231512481645 0.043125000000000024 0.117592
0 0.5034375 0.6145258751835536 0.04875000000000007 0.253057
0 0.5172656250000001 0.49730300734214394 0.05124999999999996 0.10442099999999993
0 0.5097265625 0.431887718061674 0.03437499999999999 0.055504000000000005
0 0.536875 0.3951997180616739 0.03312499999999996 0.055503000000000066
0 0.5750390625 0.3663112922173275 0.04999999999999993 0.09219199999999998
0 0.62 0.37948229221732754 0.03187499999999999 0.09219099999999993
0 0.6535546875 0.3249424317180617 0.03874999999999995 0.04609599999999997
0 0.6645703125 0.3798490044052863 0.026874999999999982 0.062089000000000054
0 0.700234375 0.3771418619676946 0.04375000000000007 0.06961400000000002
0 0.707890625 0.3138831468428781 0.05249999999999999 0.05738499999999999
0 0.7840625 0.31911457562408224 0.04749999999999999 0.06114799999999999
0 0.8591015625 0.3737914331864905 0.03499999999999992 0.06585199999999997
0 0.873046875 0.3059445756240822 0.028124999999999956 0.06114700000000001
0 0.9066015625 0.34885086343612337 0.03437499999999993 0.08936899999999999
0 0.947734375 0.37994072246696037 0.04437499999999994 0.11571
0 0.9755859375 0.35770629515418506 0.04625000000000001 0.132644
