0 0.5658984375 0.18402822222222223 0.12312499999999993 0.258888
0 0.0244140625 0.08138899999999999 0.049375 0.12777799999999997
0 0.0498046875 0.6152774444444444 0.100625 0.7655559999999999
0 0.0460546875 0.07451355555555556 0.03875000000000001 0.14333399999999996
0 0.099453125 0.024305555555555556 0.03562499999999999 0.048889
0 0.2290625 0.030277444444444444 0.015625 0.014444999999999998
0 0.2848046875 0.07500044444444445 0.03812500000000002 0.141111
0 0.3896484375 0.5089582222222222 0.15500000000000003 0.9777779999999999
0 0.419375 0.159167 0.0625 0.12555499999999997
0 0.4959375 0.15847266666666665 0.07812500000000006 0.14777700000000002
0 0.659609375 0.13611066666666666 0.07437499999999997 0.086667
0 0.9266796875 0.14319488888888887 0.06937500000000008 0.217777
0 0.9623828125 0.35937544444444447 0.073125 0.607777
