0 0.0224609375 0.49222064809384164 0.045 0.104127
0 0.0234375 0.618350193548387 0.04875 0.19418399999999994
0 0.023984375 0.4551530322580645 0.013125000000000001 0.03470999999999997
0 0.0386328125 0.6147634046920821 0.042499999999999996 0.13226999999999994
0 0.0499609375 0.46970564809384163 0.045625 0.10319000000000002
0 0.07445312500000001 0.5954348797653959 0.06687499999999999 0.24390200000000006
0 0.1156640625 0.6050435718475073 0.04999999999999999 0.21106999999999995
0 0.1126953125 0.49449796187683287 0.02562499999999998 0.05347099999999999
0 0.1576171875 0.6110822961876833 0.05374999999999999 0.20544099999999996
0 0.28609375000000004 0.5794047741935483 0.27437500000000004 0.7767350000000001
0 0.16734375 0.5007093079178886 0.02437499999999998 0.036586000000000035
0 0.2044140625 0.576380706744868 0.081875 0.25422200000000006
0 0.21484375 0.6155912639296188 0.056249999999999994 0.17354599999999995
0 0.426796875 0.6277227829912023 0.05874999999999997 0.14821800000000002
0 0.4654296875 0.5941412258064516 0.13187499999999996 0.22701699999999994
0 0.688828125 0.5019693196480939 0.28625 0.865854
0 0.59421875 0.5977840850439883 0.05625000000000002 0.267354
0 0.613125 0.5951977771260998 0.03312499999999996 0.23452199999999992
0 0.84515625 0.45832268621700883 0.07187499999999991 0.05159500000000001
0 0.9202734375 0.5775231671554252 0.15500000000000003 0.07879900000000012
0 0.8682421875 0.43487068621700875 0.021874999999999978 0.05065600000000009
