0 0.4990234375 0.3196064776725305 0.998333 0.23441099999999995
0 0.4990234375 0.7911333558863329 0.999167 0.4133949999999999
0 0.0911064375 0.49954877943166437 0.060834 0.05773600000000006
0 0.21276075 0.4962829594046008 0.11833300000000002 0.060045999999999974
0 0.290129875 0.4889936792963464 0.06 0.07159299999999998
0 0.3440625 0.4993856792963464 0.07916699999999999 0.07159399999999998
0 0.4261328125 0.4987901393775372 0.07250000000000001 0.06466599999999996
0 0.5066533125 0.5001433193504736 0.057499999999999996 0.0658200000000001
0 0.588463875 0.4924576792963464 0.06000000000000005 0.07274800000000005
0 0.678203125 0.5007388592692829 0.06666700000000003 0.07390299999999995
0 0.73369825 0.4930532192151556 0.039166000000000034 0.07967600000000007
0 0.8048955 0.5034452192151556 0.07999999999999996 0.07852200000000001
0 0.8818359375 0.6973690595399188 0.015000000000000013 0.04734400000000014
