0 0.0220703125 0.42035031918008786 0.026874999999999996 0.054408999999999964
0 0.02734375 0.4993778345534407 0.024375 0.06566599999999999
0 0.0555859375 0.4289776749633967 0.014374999999999999 0.04033700000000005
0 0.06578125 0.42035031918008786 0.008749999999999994 0.054408999999999964
0 0.083671875 0.7497767364568081 0.028749999999999998 0.08724200000000004
0 0.0796875 0.45464744802342605 0.016875 0.056285
0 0.08734375 0.5127652884333822 0.024375000000000008 0.030956999999999957
0 0.0915625 0.5302906749633967 0.0175 0.03846199999999999
0 0.0982421875 0.4589956749633968 0.023125000000000007 0.03846199999999999
0 0.10515625 0.44124277306002924 0.008124999999999993 0.017823000000000016
0 0.1167578125 0.44691493265007326 0.011249999999999996 0.04408999999999993
0 0.1296875 0.5115286749633968 0.016875000000000015 0.03846199999999999
0 0.1423828125 0.5142294172767204 0.009999999999999981 0.032832999999999994
0 0.205 0.45612979795021963 0.12562500000000001 0.133208
0 0.3349609375 0.45460328843338216 0.014375000000000027 0.030956999999999957
0 0.35015625 0.46011803074670565 0.00874999999999998 0.02439000000000007
0 0.3642578125 0.46011803074670565 0.011249999999999982 0.026266999999999995
0 0.4089453125 0.5863913191800878 0.026874999999999982 0.055348
0 0.4096875 0.41828996339677893 0.01687500000000003 0.06754299999999999
0 0.4267578125 0.5555755153733528 0.010000000000000009 0.012195000000000077
0 0.4523828125 0.5710405461200586 0.010000000000000009 0.03658499999999998
0 0.4978125 0.5533749633967789 0.016249999999999987 0.06848
0 0.5180078125 0.5431260614934115 0.009999999999999898 0.047841999999999996
0 0.6762109375 0.47539970571010254 0.013749999999999929 0.0628519999999999
